8 5 936 2 8 8 5 1 0.00538683 0.0686302 0.633942
8 5 936 2 8 8 5 2 0.00564003 0.0577168 0.317945
8 5 936 2 8 8 5 4 0.00576591 0.056817 0.2779
8 5 936 2 8 8 5 8 0.00574684 0.0534721 0.205241
8 5 936 2 6 8 5 1 0.00353289 0.0584154 0.632135
8 5 936 2 6 8 5 2 0.00541997 0.0545505 0.300037
8 5 936 2 6 8 5 4 0.00352693 0.0571394 0.202727
8 5 936 2 6 8 5 8 0.0060401 0.058909 0.324612
8 5 936 2 4 8 5 1 0.00620604 0.0572163 0.576625
8 5 936 2 4 8 5 2 0.00617099 0.0600504 0.297815
8 5 936 2 4 8 5 4 0.00619388 0.0575597 0.25496
8 5 936 2 4 8 5 8 0.00363898 0.0575449 0.291878
8 5 936 4 8 8 5 1 0.00584507 0.06095 0.6649
8 5 936 4 8 8 5 2 0.00317597 0.0575371 0.313247
8 5 936 4 8 8 5 4 0.00540996 0.0571695 0.181714
8 5 936 4 8 8 5 8 0.00549793 0.0568386 0.424512
8 5 936 4 6 8 5 1 0.00656486 0.05606 0.657846
8 5 936 4 6 8 5 2 0.00622201 0.0572239 0.321885
8 5 936 4 6 8 5 4 0.00626516 0.0580352 0.2843
8 5 936 4 6 8 5 8 0.00626588 0.0562768 0.316442
8 5 936 4 4 8 5 1 0.0036509 0.0586874 0.601991
8 5 936 4 4 8 5 2 0.00623107 0.0606103 0.306112
8 5 936 4 4 8 5 4 0.00641203 0.0568386 0.321208
8 5 936 4 4 8 5 8 0.00631905 0.0574385 0.297689
8 5 936 8 8 8 5 1 0.00550699 0.0560889 0.674037
8 5 936 8 8 8 5 2 0.00320411 0.0585036 0.321575
8 5 936 8 8 8 5 4 0.00591493 0.0581441 0.23342
8 5 936 8 8 8 5 8 0.00321198 0.0559275 0.343862
8 5 936 8 6 8 5 1 0.00660086 0.0565675 0.687449
8 5 936 8 6 8 5 2 0.00643802 0.0582982 0.315048
8 5 936 8 6 8 5 4 0.0037601 0.05777 0.270417
8 5 936 8 6 8 5 8 0.00644493 0.0596282 0.31637
8 5 936 8 4 8 5 1 0.00709295 0.0595039 0.689992
8 5 936 8 4 8 5 2 0.00705886 0.061563 0.301712
8 5 936 8 4 8 5 4 0.00667095 0.0589918 0.320669
8 5 936 8 4 8 5 8 0.00670695 0.0561157 0.264556
8 5 936 16 8 8 5 1 0.00582194 0.0571169 0.656912
8 5 936 16 8 8 5 2 0.00567818 0.054991 0.335629
8 5 936 16 8 8 5 4 0.00572205 0.0573863 0.280017
8 5 936 16 8 8 5 8 0.00320697 0.0577005 0.401913
8 5 936 16 6 8 5 1 0.002882 0.0585023 0.704642
8 5 936 16 6 8 5 2 0.00680685 0.057918 0.304039
8 5 936 16 6 8 5 4 0.00376606 0.0559855 0.323999
8 5 936 16 6 8 5 8 0.00689507 0.0573513 0.258939
8 5 936 16 4 8 5 1 0.00682092 0.056567 0.711683
8 5 936 16 4 8 5 2 0.00289893 0.0574005 0.33323
8 5 936 16 4 8 5 4 0.00724387 0.0560608 0.329166
8 5 936 16 4 8 5 8 0.00721192 0.0593962 0.218393
8 5 2340 2 8 8 5 1 0.00574088 0.147701 0.898358
8 5 2340 2 8 8 5 2 0.00534081 0.138902 0.473024
8 5 2340 2 8 8 5 4 0.00537896 0.138509 0.383028
8 5 2340 2 8 8 5 8 0.00533915 0.13476 0.262974
8 5 2340 2 6 8 5 1 0.00635791 0.141297 0.86393
8 5 2340 2 6 8 5 2 0.00258708 0.134952 0.45974
8 5 2340 2 6 8 5 4 0.00563717 0.135334 0.281818
8 5 2340 2 6 8 5 8 0.00606799 0.138912 0.421079
8 5 2340 2 4 8 5 1 0.00621104 0.135317 0.81781
8 5 2340 2 4 8 5 2 0.0062089 0.138558 0.430176
8 5 2340 2 4 8 5 4 0.00614309 0.141842 0.409785
8 5 2340 2 4 8 5 8 0.00657201 0.137121 0.369685
8 5 2340 4 8 8 5 1 0.00538397 0.143095 0.90912
8 5 2340 4 8 8 5 2 0.00543022 0.140925 0.457874
8 5 2340 4 8 8 5 4 0.00548816 0.142601 0.268917
8 5 2340 4 8 8 5 8 0.00540805 0.135996 0.550542
8 5 2340 4 6 8 5 1 0.00623608 0.142776 0.893751
8 5 2340 4 6 8 5 2 0.0062561 0.139333 0.447052
8 5 2340 4 6 8 5 4 0.00647807 0.133768 0.419942
8 5 2340 4 6 8 5 8 0.006428 0.138383 0.408788
8 5 2340 4 4 8 5 1 0.00622416 0.140068 0.852939
8 5 2340 4 4 8 5 2 0.00274205 0.137312 0.431608
8 5 2340 4 4 8 5 4 0.00624108 0.139337 0.492753
8 5 2340 4 4 8 5 8 0.00623608 0.137129 0.402298
8 5 2340 8 8 8 5 1 0.00587893 0.138132 0.914795
8 5 2340 8 8 8 5 2 0.00546503 0.140398 0.442736
8 5 2340 8 8 8 5 4 0.005476 0.13422 0.377742
8 5 2340 8 8 8 5 8 0.00240993 0.139949 0.440439
8 5 2340 8 6 8 5 1 0.00595498 0.137937 0.916316
8 5 2340 8 6 8 5 2 0.00665212 0.137266 0.476066
8 5 2340 8 6 8 5 4 0.00683403 0.141437 0.407927
8 5 2340 8 6 8 5 8 0.006814 0.138707 0.407907
8 5 2340 8 4 8 5 1 0.00665689 0.139223 0.897946
8 5 2340 8 4 8 5 2 0.00692701 0.141701 0.455456
8 5 2340 8 4 8 5 4 0.00672793 0.142738 0.484421
8 5 2340 8 4 8 5 8 0.00664592 0.135903 0.345216
8 5 2340 16 8 8 5 1 0.00234985 0.14174 0.914469
8 5 2340 16 8 8 5 2 0.00482893 0.133992 0.463714
8 5 2340 16 8 8 5 4 0.00367308 0.132384 0.41253
8 5 2340 16 8 8 5 8 0.00565505 0.136579 0.500513
8 5 2340 16 6 8 5 1 0.00679898 0.142051 0.917661
8 5 2340 16 6 8 5 2 0.00683999 0.140028 0.468074
8 5 2340 16 6 8 5 4 0.00641608 0.137325 0.473529
8 5 2340 16 6 8 5 8 0.00645685 0.138215 0.331565
8 5 2340 16 4 8 5 1 0.00724506 0.133204 0.92756
8 5 2340 16 4 8 5 2 0.00714803 0.138542 0.476606
8 5 2340 16 4 8 5 4 0.00299311 0.138302 0.508158
8 5 2340 16 4 8 5 8 0.0068469 0.134063 0.282323
8 5 3744 2 8 8 5 1 0.00223112 0.224468 0.962609
8 5 3744 2 8 8 5 2 0.00574994 0.214249 0.520811
8 5 3744 2 8 8 5 4 0.005584 0.220255 0.42294
8 5 3744 2 8 8 5 8 0.00574589 0.211124 0.2668
8 5 3744 2 6 8 5 1 0.00650406 0.216125 0.932492
8 5 3744 2 6 8 5 2 0.00646091 0.224356 0.539894
8 5 3744 2 6 8 5 4 0.00607204 0.224107 0.298392
8 5 3744 2 6 8 5 8 0.00616503 0.211269 0.423182
8 5 3744 2 4 8 5 1 0.00415802 0.228699 0.898165
8 5 3744 2 4 8 5 2 0.00657105 0.225895 0.502331
8 5 3744 2 4 8 5 4 0.00505304 0.222924 0.448339
8 5 3744 2 4 8 5 8 0.00583911 0.207727 0.387693
8 5 3744 4 8 8 5 1 0.0047338 0.227079 0.968176
8 5 3744 4 8 8 5 2 0.00238395 0.22792 0.528614
8 5 3744 4 8 8 5 4 0.00581002 0.219528 0.292263
8 5 3744 4 8 8 5 8 0.0054028 0.214459 0.572065
8 5 3744 4 6 8 5 1 0.00280118 0.221597 0.956752
8 5 3744 4 6 8 5 2 0.00627685 0.218223 0.528328
8 5 3744 4 6 8 5 4 0.00622797 0.215453 0.508195
8 5 3744 4 6 8 5 8 0.00662184 0.213314 0.420683
8 5 3744 4 4 8 5 1 0.00658202 0.223864 0.921004
8 5 3744 4 4 8 5 2 0.00614619 0.216884 0.519884
8 5 3744 4 4 8 5 4 0.00661302 0.218422 0.570164
8 5 3744 4 4 8 5 8 0.00656009 0.216998 0.412283
8 5 3744 8 8 8 5 1 0.00589299 0.228504 0.967297
8 5 3744 8 8 8 5 2 0.00246096 0.221561 0.520858
8 5 3744 8 8 8 5 4 0.00548291 0.22067 0.422926
8 5 3744 8 8 8 5 8 0.00464797 0.226249 0.452994
8 5 3744 8 6 8 5 1 0.006917 0.221325 0.968392
8 5 3744 8 6 8 5 2 0.00300312 0.223231 0.518392
8 5 3744 8 6 8 5 4 0.00645494 0.212061 0.468091
8 5 3744 8 6 8 5 8 0.00645614 0.22049 0.421466
8 5 3744 8 4 8 5 1 0.00306797 0.228655 0.955703
8 5 3744 8 4 8 5 2 0.00674677 0.223027 0.521285
8 5 3744 8 4 8 5 4 0.00392485 0.226535 0.528345
8 5 3744 8 4 8 5 8 0.00670791 0.219096 0.35853
8 5 3744 16 8 8 5 1 0.00243807 0.221087 0.972196
8 5 3744 16 8 8 5 2 0.00577402 0.215191 0.523951
8 5 3744 16 8 8 5 4 0.00551009 0.217651 0.439305
8 5 3744 16 8 8 5 8 0.00550699 0.21364 0.508819
8 5 3744 16 6 8 5 1 0.00283599 0.231276 0.970738
8 5 3744 16 6 8 5 2 0.00693703 0.225181 0.527717
8 5 3744 16 6 8 5 4 0.00646806 0.215593 0.535329
8 5 3744 16 6 8 5 8 0.00644708 0.21857 0.329553
8 5 3744 16 4 8 5 1 0.00293493 0.227204 0.972812
8 5 3744 16 4 8 5 2 0.00411105 0.224941 0.537866
8 5 3744 16 4 8 5 4 0.00671792 0.218409 0.559683
8 5 3744 16 4 8 5 8 0.00682902 0.215318 0.300655
