4 3 4 2 8 8 11 1 3.09944e-05 0.000973642 0.396306
4 3 4 2 8 8 11 2 3.00407e-05 0.000766367 0.395474
4 3 4 2 8 8 11 4 2.7895e-05 0.000995874 0.395746
4 3 4 2 8 8 11 8 2.59876e-05 0.00100824 0.348901
4 3 4 2 6 8 11 1 2.7895e-05 0.000968874 0.351156
4 3 4 2 6 8 11 2 2.90871e-05 0.00089848 0.317722
4 3 4 2 6 8 11 4 2.69413e-05 0.00091213 0.266032
4 3 4 2 6 8 11 8 2.69413e-05 0.000863731 inf
4 3 4 2 4 8 11 1 2.69413e-05 0.000815004 0.392958
4 3 4 2 4 8 11 2 2.69413e-05 0.000769258 0.310791
4 3 4 2 4 8 11 4 2.69413e-05 0.0007855 inf
4 3 4 2 4 8 11 8 2.59876e-05 0.000801235 inf
4 3 4 4 8 8 11 1 2.09808e-05 0.000773877 0.390337
4 3 4 4 8 8 11 2 1.97887e-05 0.000768363 0.398913
4 3 4 4 8 8 11 4 1.90735e-05 0.00074026 0.529226
4 3 4 4 8 8 11 8 1.78814e-05 0.000693232 0.354442
4 3 4 4 6 8 11 1 2.19345e-05 0.00069049 0.390571
4 3 4 4 6 8 11 2 2.09808e-05 0.00068751 0.352349
4 3 4 4 6 8 11 4 2.09808e-05 0.000734866 0.301762
4 3 4 4 6 8 11 8 2.19345e-05 0.000692248 inf
4 3 4 4 4 8 11 1 1.88351e-05 0.000685513 0.415218
4 3 4 4 4 8 11 2 1.88351e-05 0.000669748 0.336389
4 3 4 4 4 8 11 4 1.88351e-05 0.000635505 0.301091
4 3 4 4 4 8 11 8 1.88351e-05 0.000629127 inf
4 3 4 8 8 8 11 1 2.00272e-05 0.000660241 0.40727
4 3 4 8 8 8 11 2 2.00272e-05 0.000672877 0.399151
4 3 4 8 8 8 11 4 2.00272e-05 0.000684142 0.392421
4 3 4 8 8 8 11 8 2.00272e-05 0.000633389 inf
4 3 4 8 6 8 11 1 2.31266e-05 0.00070101 0.414683
4 3 4 8 6 8 11 2 2.19345e-05 0.000681013 0.345675
4 3 4 8 6 8 11 4 2.19345e-05 0.000698626 0.298095
4 3 4 8 6 8 11 8 2.31266e-05 0.000645518 inf
4 3 4 8 4 8 11 1 1.81198e-05 0.000644118 0.452529
4 3 4 8 4 8 11 2 1.90735e-05 0.000700116 0.344357
4 3 4 8 4 8 11 4 1.90735e-05 0.000675261 inf
4 3 4 8 4 8 11 8 1.90735e-05 0.000654489 inf
4 3 4 16 8 8 11 1 2.00272e-05 0.000703514 0.419339
4 3 4 16 8 8 11 2 1.88351e-05 0.000708103 0.41795
4 3 4 16 8 8 11 4 2.09808e-05 0.000671238 inf
4 3 4 16 8 8 11 8 2.00272e-05 0.000668019 inf
4 3 4 16 6 8 11 1 2.09808e-05 0.000733614 0.496151
4 3 4 16 6 8 11 2 2.12193e-05 0.000706375 0.360675
4 3 4 16 6 8 11 4 2.21729e-05 0.000696123 0.318095
4 3 4 16 6 8 11 8 2.09808e-05 0.000635624 inf
4 3 4 16 4 8 11 1 2.19345e-05 0.00068137 0.457636
4 3 4 16 4 8 11 2 2.19345e-05 0.000638872 0.365393
4 3 4 16 4 8 11 4 2.19345e-05 0.000727355 0.247123
4 3 4 16 4 8 11 8 2.21729e-05 0.00071162 inf
4 3 10 2 8 8 11 1 1.78814e-05 0.00122738 0.649206
4 3 10 2 8 8 11 2 1.69277e-05 0.00107864 0.471018
4 3 10 2 8 8 11 4 1.5974e-05 0.00105172 0.492637
4 3 10 2 8 8 11 8 1.78814e-05 0.00104761 0.336056
4 3 10 2 6 8 11 1 2.09808e-05 0.00109437 0.61254
4 3 10 2 6 8 11 2 2.12193e-05 0.00111362 0.457103
4 3 10 2 6 8 11 4 2.00272e-05 0.00104076 0.390005
4 3 10 2 6 8 11 8 2.09808e-05 0.00099501 0.294856
4 3 10 2 4 8 11 1 2.09808e-05 0.00105926 0.65044
4 3 10 2 4 8 11 2 2.19345e-05 0.00104511 0.447253
4 3 10 2 4 8 11 4 2.00272e-05 0.00104025 0.45522
4 3 10 2 4 8 11 8 2.09808e-05 0.00104061 inf
4 3 10 4 8 8 11 1 1.90735e-05 0.00103328 0.652381
4 3 10 4 8 8 11 2 1.78814e-05 0.000957876 0.49823
4 3 10 4 8 8 11 4 1.69277e-05 0.00105652 0.670058
4 3 10 4 8 8 11 8 1.5974e-05 0.00109875 0.340746
4 3 10 4 6 8 11 1 2.09808e-05 0.00119001 0.623937
4 3 10 4 6 8 11 2 2.09808e-05 0.0011265 0.529746
4 3 10 4 6 8 11 4 2.00272e-05 0.00104088 0.43219
4 3 10 4 6 8 11 8 2.00272e-05 0.00103951 inf
4 3 10 4 4 8 11 1 1.90735e-05 0.00101164 0.656786
4 3 10 4 4 8 11 2 1.81198e-05 0.00107101 0.464861
4 3 10 4 4 8 11 4 1.81198e-05 0.00105798 0.471508
4 3 10 4 4 8 11 8 1.81198e-05 0.000984013 0.300635
4 3 10 8 8 8 11 1 1.81198e-05 0.00113001 0.666516
4 3 10 8 8 8 11 2 1.90735e-05 0.0010595 0.671111
4 3 10 8 8 8 11 4 1.81198e-05 0.00106412 0.469214
4 3 10 8 8 8 11 8 1.90735e-05 0.00097388 inf
4 3 10 8 6 8 11 1 2.21729e-05 0.000997633 0.662222
4 3 10 8 6 8 11 2 2.19345e-05 0.000952244 0.552659
4 3 10 8 6 8 11 4 2.19345e-05 0.00106424 0.439643
4 3 10 8 6 8 11 8 3.00407e-05 0.000897765 inf
4 3 10 8 4 8 11 1 1.90735e-05 0.00104624 0.636958
4 3 10 8 4 8 11 2 1.78814e-05 0.000984758 0.562754
4 3 10 8 4 8 11 4 1.88351e-05 0.000952721 0.583746
4 3 10 8 4 8 11 8 1.90735e-05 0.000872254 0.329381
4 3 10 16 8 8 11 1 1.88351e-05 0.000933021 0.682606
4 3 10 16 8 8 11 2 2.00272e-05 0.000912756 0.721852
4 3 10 16 8 8 11 4 2.00272e-05 0.000930637 0.478373
4 3 10 16 8 8 11 8 1.90735e-05 0.000899851 0.334974
4 3 10 16 6 8 11 1 2.09808e-05 0.000942886 0.689444
4 3 10 16 6 8 11 2 2.00272e-05 0.00092575 0.582579
4 3 10 16 6 8 11 4 2.12193e-05 0.000942886 0.483254
4 3 10 16 6 8 11 8 2.09808e-05 0.000890017 0.392262
4 3 10 16 4 8 11 1 2.19345e-05 0.000919759 0.852388
4 3 10 16 4 8 11 2 2.21729e-05 0.000855237 0.613277
4 3 10 16 4 8 11 4 2.19345e-05 0.000848621 0.383902
4 3 10 16 4 8 11 8 2.19345e-05 0.000902742 0.315793
4 3 16 2 8 8 11 1 2.40803e-05 0.00124952 0.809841
4 3 16 2 8 8 11 2 2.31266e-05 0.00126073 0.5148
4 3 16 2 8 8 11 4 1.71661e-05 0.00134873 0.475796
4 3 16 2 8 8 11 8 1.69277e-05 0.00118512 0.34271
4 3 16 2 6 8 11 1 2.19345e-05 0.00137311 0.778016
4 3 16 2 6 8 11 2 2.09808e-05 0.0013355 0.521786
4 3 16 2 6 8 11 4 2.00272e-05 0.00124511 0.423208
4 3 16 2 6 8 11 8 2.00272e-05 0.00119564 0.294524
4 3 16 2 4 8 11 1 2.00272e-05 0.00119013 0.800714
4 3 16 2 4 8 11 2 2.00272e-05 0.00125301 0.52127
4 3 16 2 4 8 11 4 2.00272e-05 0.00132737 0.497411
4 3 16 2 4 8 11 8 2.09808e-05 0.00110286 0.334994
4 3 16 4 8 8 11 1 1.69277e-05 0.00132814 0.807302
4 3 16 4 8 8 11 2 1.78814e-05 0.00121152 0.523492
4 3 16 4 8 8 11 4 1.71661e-05 0.00130662 0.693234
4 3 16 4 8 8 11 8 1.62125e-05 0.00119948 0.339984
4 3 16 4 6 8 11 1 2.09808e-05 0.001277 0.783984
4 3 16 4 6 8 11 2 2.09808e-05 0.00118461 0.616984
4 3 16 4 6 8 11 4 2.00272e-05 0.00121889 0.471984
4 3 16 4 6 8 11 8 1.97887e-05 0.00126824 0.295968
4 3 16 4 4 8 11 1 1.78814e-05 0.00123188 0.807937
4 3 16 4 4 8 11 2 1.78814e-05 0.00138101 0.506905
4 3 16 4 4 8 11 4 1.78814e-05 0.00130311 0.494306
4 3 16 4 4 8 11 8 1.69277e-05 0.00117412 0.31
4 3 16 8 8 8 11 1 2.00272e-05 0.00134975 0.810556
4 3 16 8 8 8 11 2 1.90735e-05 0.00126326 0.8065
4 3 16 8 8 8 11 4 1.90735e-05 0.00118202 0.456778
4 3 16 8 8 8 11 8 1.90735e-05 0.00115162 0.344778
4 3 16 8 6 8 11 1 2.09808e-05 0.00120988 0.806032
4 3 16 8 6 8 11 2 2.19345e-05 0.00124949 0.643571
4 3 16 8 6 8 11 4 2.21729e-05 0.00115526 0.492262
4 3 16 8 6 8 11 8 2.09808e-05 0.00119561 0.330873
4 3 16 8 4 8 11 1 1.81198e-05 0.00122964 0.808651
4 3 16 8 4 8 11 2 1.78814e-05 0.00127789 0.622651
4 3 16 8 4 8 11 4 1.90735e-05 0.00119376 0.624556
4 3 16 8 4 8 11 8 2.19345e-05 0.00116387 0.354905
4 3 16 16 8 8 11 1 2.00272e-05 0.00130162 0.824563
4 3 16 16 8 8 11 2 2.00272e-05 0.00120699 0.862328
4 3 16 16 8 8 11 4 1.90735e-05 0.00131989 0.495622
4 3 16 16 8 8 11 8 1.90735e-05 0.00118676 0.348201
4 3 16 16 6 8 11 1 2.19345e-05 0.00134712 0.823294
4 3 16 16 6 8 11 2 2.21729e-05 0.00121638 0.657817
4 3 16 16 6 8 11 4 2.09808e-05 0.00129312 0.512143
4 3 16 16 6 8 11 8 2.09808e-05 0.00116125 0.407222
4 3 16 16 4 8 11 1 2.19345e-05 0.001362 1.04437
4 3 16 16 4 8 11 2 2.19345e-05 0.001351 0.682187
4 3 16 16 4 8 11 4 2.31266e-05 0.00119439 0.418397
4 3 16 16 4 8 11 8 2.19345e-05 0.00124514 0.359671
4 5 68 2 8 8 11 1 0.000275135 0.00451362 0.514839
4 5 68 2 8 8 11 2 0.000557899 0.00462452 0.290733
4 5 68 2 8 8 11 4 0.000555992 0.00442624 0.195029
4 5 68 2 8 8 11 8 0.000560999 0.00416636 0.264344
4 5 68 2 6 8 11 1 0.000576973 0.00437087 0.505508
4 5 68 2 6 8 11 2 0.000578165 0.00451088 0.316778
4 5 68 2 6 8 11 4 0.000575066 0.00419113 0.208741
4 5 68 2 6 8 11 8 0.000586033 0.00443438 0.233028
4 5 68 2 4 8 11 1 0.00061202 0.00429714 0.492014
4 5 68 2 4 8 11 2 0.000613928 0.00442362 0.294224
4 5 68 2 4 8 11 4 0.00061512 0.00430286 0.200908
4 5 68 2 4 8 11 8 0.000607014 0.00463361 0.228159
4 5 68 4 8 8 11 1 0.000535011 0.00459561 0.522097
4 5 68 4 8 8 11 2 0.000559092 0.00454038 0.282483
4 5 68 4 8 8 11 4 0.000562906 0.00442839 0.186634
4 5 68 4 8 8 11 8 0.000551939 0.00415525 0.254826
4 5 68 4 6 8 11 1 0.000556946 0.00463477 0.527957
4 5 68 4 6 8 11 2 0.000592947 0.00465724 0.318666
4 5 68 4 6 8 11 4 0.000601053 0.00469127 0.190719
4 5 68 4 6 8 11 8 0.000421047 0.00468639 0.268921
4 5 68 4 4 8 11 1 0.000613928 0.00448248 0.500393
4 5 68 4 4 8 11 2 0.000616074 0.00485599 0.310747
4 5 68 4 4 8 11 4 0.000611067 0.00456461 0.199438
4 5 68 4 4 8 11 8 0.000611067 0.00445899 0.243187
4 5 68 8 8 8 11 1 0.000549078 0.00468501 0.51759
4 5 68 8 8 8 11 2 0.000556946 0.00445163 0.322215
4 5 68 8 8 8 11 4 0.000411987 0.00448772 0.198544
4 5 68 8 8 8 11 8 0.000558138 0.00435352 0.250413
4 5 68 8 6 8 11 1 0.000486135 0.00490588 0.569695
4 5 68 8 6 8 11 2 0.000640869 0.00440913 0.328079
4 5 68 8 6 8 11 4 0.000638008 0.0042654 0.199959
4 5 68 8 6 8 11 8 0.000652075 0.0044525 0.282748
4 5 68 8 4 8 11 1 0.000640869 0.00448689 0.556652
4 5 68 8 4 8 11 2 0.000640869 0.00488663 0.330025
4 5 68 8 4 8 11 4 0.00065589 0.00452137 0.164342
4 5 68 8 4 8 11 8 0.000647068 0.00422162 0.235407
4 5 68 16 8 8 11 1 0.000573874 0.00492615 0.540435
4 5 68 16 8 8 11 2 0.000420094 0.00424975 0.328457
4 5 68 16 8 8 11 4 0.000569105 0.00478265 0.203
4 5 68 16 8 8 11 8 0.000571966 0.00441962 0.261973
4 5 68 16 6 8 11 1 0.000650883 0.00477862 0.58022
4 5 68 16 6 8 11 2 0.000227928 0.00480473 0.342758
4 5 68 16 6 8 11 4 0.000483036 0.00446188 0.233014
4 5 68 16 6 8 11 8 0.000652075 0.00470674 0.277758
4 5 68 16 4 8 11 1 0.000494003 0.00484338 0.566402
4 5 68 16 4 8 11 2 0.000658035 0.00465676 0.329846
4 5 68 16 4 8 11 4 0.000668049 0.00465199 0.169374
4 5 68 16 4 8 11 8 0.000658989 0.00451362 0.273149
4 5 170 2 8 8 11 1 0.000545025 0.0108325 0.882043
4 5 170 2 8 8 11 2 0.000560045 0.0105303 0.455836
4 5 170 2 8 8 11 4 0.000555992 0.0103915 0.314831
4 5 170 2 8 8 11 8 0.000473976 0.0105555 0.299726
4 5 170 2 6 8 11 1 0.000575066 0.0109115 0.84238
4 5 170 2 6 8 11 2 0.000579119 0.0106788 0.437195
4 5 170 2 6 8 11 4 0.000576019 0.0106126 0.298966
4 5 170 2 6 8 11 8 0.000576973 0.00988173 0.280623
4 5 170 2 4 8 11 1 0.000607014 0.0109264 0.8176
4 5 170 2 4 8 11 2 0.000567198 0.0107279 0.437028
4 5 170 2 4 8 11 4 0.000607967 0.010384 0.296201
4 5 170 2 4 8 11 8 0.000348091 0.0100707 0.294909
4 5 170 4 8 8 11 1 0.000553846 0.01147 0.878729
4 5 170 4 8 8 11 2 0.000561953 0.0108926 0.481085
4 5 170 4 8 8 11 4 0.000567913 0.0105091 0.285086
4 5 170 4 8 8 11 8 0.000517845 0.0105596 0.30504
4 5 170 4 6 8 11 1 0.000597 0.0108386 0.864238
4 5 170 4 6 8 11 2 0.000557899 0.0103294 0.481208
4 5 170 4 6 8 11 4 0.000597954 0.0110888 0.31087
4 5 170 4 6 8 11 8 0.000590801 0.0101335 0.350493
4 5 170 4 4 8 11 1 0.000232935 0.0111646 0.846264
4 5 170 4 4 8 11 2 0.000369072 0.0106853 0.449676
4 5 170 4 4 8 11 4 0.000364065 0.0108857 0.273555
4 5 170 4 4 8 11 8 0.000360012 0.0111179 0.29421
4 5 170 8 8 8 11 1 0.000337124 0.0113871 0.879057
4 5 170 8 8 8 11 2 0.000329018 0.0104489 0.488441
4 5 170 8 8 8 11 4 0.000556946 0.0110596 0.266532
4 5 170 8 8 8 11 8 0.000554085 0.0108309 0.339818
4 5 170 8 6 8 11 1 0.000648975 0.0111254 0.890959
4 5 170 8 6 8 11 2 0.000226021 0.0108084 0.470557
4 5 170 8 6 8 11 4 0.000594854 0.010331 0.268972
4 5 170 8 6 8 11 8 0.000648975 0.0107805 0.330586
4 5 170 8 4 8 11 1 0.000646114 0.0103556 0.885049
4 5 170 8 4 8 11 2 0.000641108 0.0112314 0.47777
4 5 170 8 4 8 11 4 0.000642061 0.0109232 0.257962
4 5 170 8 4 8 11 8 0.000595808 0.010698 0.30221
4 5 170 16 8 8 11 1 0.000549078 0.0104409 0.899181
4 5 170 16 8 8 11 2 0.000568151 0.0105694 0.512853
4 5 170 16 8 8 11 4 0.000558853 0.0102956 0.280852
4 5 170 16 8 8 11 8 0.00032711 0.0100191 0.319975
4 5 170 16 6 8 11 1 0.000658035 0.0098795 0.898341
4 5 170 16 6 8 11 2 0.000651836 0.0104174 0.472207
4 5 170 16 6 8 11 4 0.000606775 0.0105854 0.346151
4 5 170 16 6 8 11 8 0.000646114 0.0097934 0.347449
4 5 170 16 4 8 11 1 0.000675201 0.010695 0.900879
4 5 170 16 4 8 11 2 0.000264168 0.0110566 0.439256
4 5 170 16 4 8 11 4 0.000659943 0.0109109 0.242362
4 5 170 16 4 8 11 8 0.000669003 0.0101294 0.305508
4 5 272 2 8 8 11 1 0.000555992 0.015943 0.967512
4 5 272 2 8 8 11 2 0.000219107 0.015828 0.535806
4 5 272 2 8 8 11 4 0.000545025 0.0156347 0.336454
4 5 272 2 8 8 11 8 0.000564814 0.015684 0.312518
4 5 272 2 6 8 11 1 0.000581026 0.017036 0.933265
4 5 272 2 6 8 11 2 0.000577927 0.016826 0.534501
4 5 272 2 6 8 11 4 0.000536919 0.0157524 0.334388
4 5 272 2 6 8 11 8 0.000538111 0.0160085 0.29082
4 5 272 2 4 8 11 1 0.000303984 0.0165637 0.902243
4 5 272 2 4 8 11 2 0.000613928 0.0164165 0.520782
4 5 272 2 4 8 11 4 0.000613928 0.0159144 0.350129
4 5 272 2 4 8 11 8 0.000617027 0.016553 0.287567
4 5 272 4 8 8 11 1 0.000516891 0.0168811 0.968148
4 5 272 4 8 8 11 2 0.000564098 0.0159245 0.520978
4 5 272 4 8 8 11 4 0.00027895 0.0152866 0.332942
4 5 272 4 8 8 11 8 0.000576973 0.0157356 0.303307
4 5 272 4 6 8 11 1 0.000553846 0.0165183 0.940489
4 5 272 4 6 8 11 2 0.000300169 0.0158957 0.562221
4 5 272 4 6 8 11 4 0.000601053 0.0156985 0.343082
4 5 272 4 6 8 11 8 0.000605106 0.0154292 0.340134
4 5 272 4 4 8 11 1 0.000612974 0.0172887 0.933574
4 5 272 4 4 8 11 2 0.00030303 0.0161001 0.519169
4 5 272 4 4 8 11 4 0.000613928 0.015475 0.321547
4 5 272 4 4 8 11 8 0.000618935 0.0159662 0.288482
4 5 272 8 8 8 11 1 0.000504971 0.016119 0.967107
4 5 272 8 8 8 11 2 0.00054884 0.0170068 0.581934
4 5 272 8 8 8 11 4 0.000513077 0.0160909 0.31394
4 5 272 8 8 8 11 8 0.000546932 0.0155438 0.330268
4 5 272 8 6 8 11 1 0.000645161 0.0167961 0.967729
4 5 272 8 6 8 11 2 0.000609875 0.0159829 0.578648
4 5 272 8 6 8 11 4 0.0006001 0.0165485 0.30575
4 5 272 8 6 8 11 8 0.000639915 0.0159905 0.351298
4 5 272 8 4 8 11 1 0.000650883 0.0169391 0.971316
4 5 272 8 4 8 11 2 0.000667095 0.0164461 0.523828
4 5 272 8 4 8 11 4 0.000649929 0.0158929 0.303615
4 5 272 8 4 8 11 8 0.000648975 0.0152209 0.270194
4 5 272 16 8 8 11 1 0.000565052 0.0164272 0.976387
4 5 272 16 8 8 11 2 0.000567913 0.0149281 0.570232
4 5 272 16 8 8 11 4 0.000560045 0.0154174 0.340778
4 5 272 16 8 8 11 8 0.000564098 0.0155765 0.331619
4 5 272 16 6 8 11 1 0.000324011 0.0170705 0.975305
4 5 272 16 6 8 11 2 0.000605106 0.0162536 0.529991
4 5 272 16 6 8 11 4 0.000324011 0.016968 0.381069
4 5 272 16 6 8 11 8 0.000653028 0.0155656 0.342255
4 5 272 16 4 8 11 1 0.000668049 0.0163012 0.974776
4 5 272 16 4 8 11 2 0.000679016 0.016563 0.534322
4 5 272 16 4 8 11 4 0.000668049 0.0160327 0.305537
4 5 272 16 4 8 11 8 0.00061512 0.0163824 0.312781
