4 7 1092 2 8 8 11 1 0.00622392 0.0785931 0.753335
4 7 1092 2 8 8 11 2 0.00319099 0.066842 0.31314
4 7 1092 2 8 8 11 4 0.00692701 0.0672014 0.188607
4 7 1092 2 8 8 11 8 0.00691819 0.0670366 0.232176
4 7 1092 2 6 8 11 1 0.00803304 0.0658866 0.685432
4 7 1092 2 6 8 11 2 0.00780916 0.0676195 0.328108
4 7 1092 2 6 8 11 4 0.00765204 0.0656656 0.208314
4 7 1092 2 6 8 11 8 0.00781798 0.0640504 0.21102
4 7 1092 2 4 8 11 1 0.00752211 0.067693 0.67035
4 7 1092 2 4 8 11 2 0.00464106 0.0668416 0.291197
4 7 1092 2 4 8 11 4 0.00343609 0.0685388 0.192842
4 7 1092 2 4 8 11 8 0.00750399 0.0655421 0.237109
4 7 1092 4 8 8 11 1 0.00700498 0.066884 0.763787
4 7 1092 4 8 8 11 2 0.00703406 0.0674699 0.33771
4 7 1092 4 8 8 11 4 0.00732207 0.064856 0.178214
4 7 1092 4 8 8 11 8 0.00738406 0.0646661 0.215629
4 7 1092 4 6 8 11 1 0.00741196 0.0670345 0.737536
4 7 1092 4 6 8 11 2 0.00751019 0.0697984 0.328362
4 7 1092 4 6 8 11 4 0.00818396 0.0670239 0.198824
4 7 1092 4 6 8 11 8 0.00817704 0.0655701 0.248697
4 7 1092 4 4 8 11 1 0.0083611 0.0674233 0.728642
4 7 1092 4 4 8 11 2 0.00845194 0.0636356 0.350943
4 7 1092 4 4 8 11 4 0.00792289 0.0663772 0.197126
4 7 1092 4 4 8 11 8 0.00847507 0.0668009 0.224128
4 7 1092 8 8 8 11 1 0.00710201 0.0647182 0.766327
4 7 1092 8 8 8 11 2 0.00703692 0.0689444 0.350677
4 7 1092 8 8 8 11 4 0.00711107 0.0679116 0.187973
4 7 1092 8 8 8 11 8 0.00701404 0.0662495 0.270875
4 7 1092 8 6 8 11 1 0.00479388 0.0676019 0.805502
4 7 1092 8 6 8 11 2 0.00805497 0.0665689 0.331984
4 7 1092 8 6 8 11 4 0.00480509 0.0681719 0.182841
4 7 1092 8 6 8 11 8 0.00824714 0.0662702 0.245339
4 7 1092 8 4 8 11 1 0.00866485 0.0698176 0.771107
4 7 1092 8 4 8 11 2 0.00818205 0.0683116 0.309949
4 7 1092 8 4 8 11 4 0.00397182 0.0660449 0.182637
4 7 1092 8 4 8 11 8 0.00867915 0.065737 0.224928
4 7 1092 16 8 8 11 1 0.00715494 0.0676823 0.74891
4 7 1092 16 8 8 11 2 0.00416183 0.0662865 0.377559
4 7 1092 16 8 8 11 4 0.00716019 0.0683558 0.194173
4 7 1092 16 8 8 11 8 0.00708795 0.0670738 0.259386
4 7 1092 16 6 8 11 1 0.00793695 0.0701794 0.815148
4 7 1092 16 6 8 11 2 0.00821185 0.0685461 0.327654
4 7 1092 16 6 8 11 4 0.00822496 0.0701763 0.20041
4 7 1092 16 6 8 11 8 0.0048461 0.0698349 0.237704
4 7 1092 16 4 8 11 1 0.00877595 0.0694995 0.764298
4 7 1092 16 4 8 11 2 0.00518489 0.0687124 0.33851
4 7 1092 16 4 8 11 4 0.00879002 0.0673507 0.189167
4 7 1092 16 4 8 11 8 0.00881195 0.0685071 0.236412
4 7 2730 2 8 8 11 1 0.00697494 0.161325 0.950989
4 7 2730 2 8 8 11 2 0.00723386 0.159742 0.464315
4 7 2730 2 8 8 11 4 0.00314999 0.1594 0.285639
4 7 2730 2 8 8 11 8 0.00705814 0.160276 0.290269
4 7 2730 2 6 8 11 1 0.00783491 0.162877 0.912127
4 7 2730 2 6 8 11 2 0.00340009 0.161739 0.447839
4 7 2730 2 6 8 11 4 0.0071559 0.162226 0.281965
4 7 2730 2 6 8 11 8 0.00814295 0.159211 0.270115
4 7 2730 2 4 8 11 1 0.00802183 0.16726 0.864698
4 7 2730 2 4 8 11 2 0.00795889 0.161172 0.463041
4 7 2730 2 4 8 11 4 0.00342107 0.162897 0.293685
4 7 2730 2 4 8 11 8 0.0079391 0.158075 0.27395
4 7 2730 4 8 8 11 1 0.00731587 0.163063 0.947073
4 7 2730 4 8 8 11 2 0.00700617 0.167664 0.453729
4 7 2730 4 8 8 11 4 0.00718093 0.161653 0.290665
4 7 2730 4 8 8 11 8 0.00701189 0.16609 0.283317
4 7 2730 4 6 8 11 1 0.00342298 0.163765 0.945895
4 7 2730 4 6 8 11 2 0.00660801 0.1647 0.485853
4 7 2730 4 6 8 11 4 0.008147 0.164841 0.279319
4 7 2730 4 6 8 11 8 0.00821495 0.158776 0.30009
4 7 2730 4 4 8 11 1 0.00384092 0.16235 0.916296
4 7 2730 4 4 8 11 2 0.00840616 0.163846 0.452577
4 7 2730 4 4 8 11 4 0.00687408 0.161436 0.302977
4 7 2730 4 4 8 11 8 0.00382495 0.168766 0.286208
4 7 2730 8 8 8 11 1 0.00414491 0.169631 0.954882
4 7 2730 8 8 8 11 2 0.00585794 0.169123 0.496873
4 7 2730 8 8 8 11 4 0.00703382 0.167332 0.282736
4 7 2730 8 8 8 11 8 0.00740504 0.169518 0.333661
4 7 2730 8 6 8 11 1 0.00396609 0.173233 0.956105
4 7 2730 8 6 8 11 2 0.00402594 0.174033 0.482511
4 7 2730 8 6 8 11 4 0.007231 0.165924 0.293212
4 7 2730 8 6 8 11 8 0.00404096 0.163093 0.313792
4 7 2730 8 4 8 11 1 0.00897598 0.163228 0.938188
4 7 2730 8 4 8 11 2 0.00882697 0.166169 0.479403
4 7 2730 8 4 8 11 4 0.00890112 0.161653 0.271488
4 7 2730 8 4 8 11 8 0.00869918 0.160791 0.27598
4 7 2730 16 8 8 11 1 0.00695896 0.167577 0.941662
4 7 2730 16 8 8 11 2 0.0074532 0.167335 0.502563
4 7 2730 16 8 8 11 4 0.00713396 0.15827 0.304264
4 7 2730 16 8 8 11 8 0.00710106 0.159976 0.329803
4 7 2730 16 6 8 11 1 0.00616288 0.167438 0.961361
4 7 2730 16 6 8 11 2 0.00829101 0.16472 0.463264
4 7 2730 16 6 8 11 4 0.00798893 0.159526 0.301902
4 7 2730 16 6 8 11 8 0.00822616 0.15832 0.278977
4 7 2730 16 4 8 11 1 0.00883102 0.161467 0.942686
4 7 2730 16 4 8 11 2 0.00852704 0.162198 0.461678
4 7 2730 16 4 8 11 4 0.00882602 0.162825 0.265495
4 7 2730 16 4 8 11 8 0.0041821 0.161597 0.293378
4 7 4368 2 8 8 11 1 0.00700903 0.260932 0.987592
4 7 4368 2 8 8 11 2 0.00691295 0.266445 0.545514
4 7 4368 2 8 8 11 4 0.006917 0.254978 0.313843
4 7 4368 2 8 8 11 8 0.00680017 0.253093 0.296266
4 7 4368 2 6 8 11 1 0.00785303 0.259098 0.970718
4 7 4368 2 6 8 11 2 0.00765419 0.260356 0.52938
4 7 4368 2 6 8 11 4 0.00766897 0.257656 0.315938
4 7 4368 2 6 8 11 8 0.00781989 0.24887 0.289901
4 7 4368 2 4 8 11 1 0.00771403 0.26378 0.923943
4 7 4368 2 4 8 11 2 0.0079391 0.255344 0.513607
4 7 4368 2 4 8 11 4 0.00799513 0.257806 0.312561
4 7 4368 2 4 8 11 8 0.00794101 0.250157 0.270027
4 7 4368 4 8 8 11 1 0.00689292 0.255983 0.987724
4 7 4368 4 8 8 11 2 0.00688004 0.247727 0.532742
4 7 4368 4 8 8 11 4 0.00318503 0.251796 0.30163
4 7 4368 4 8 8 11 8 0.00739288 0.252543 0.291642
4 7 4368 4 6 8 11 1 0.00785208 0.262248 0.981336
4 7 4368 4 6 8 11 2 0.0082829 0.256406 0.549869
4 7 4368 4 6 8 11 4 0.0059309 0.256012 0.309963
4 7 4368 4 6 8 11 8 0.00467682 0.249703 0.289476
4 7 4368 4 4 8 11 1 0.00848508 0.255053 0.965083
4 7 4368 4 4 8 11 2 0.00822091 0.257898 0.518595
4 7 4368 4 4 8 11 4 0.00834322 0.256309 0.315805
4 7 4368 4 4 8 11 8 0.00838399 0.25955 0.287161
4 7 4368 8 8 8 11 1 0.00290895 0.274232 0.99063
4 7 4368 8 8 8 11 2 0.00742292 0.266378 0.575662
4 7 4368 8 8 8 11 4 0.00721312 0.264189 0.308182
4 7 4368 8 8 8 11 8 0.00431418 0.259699 0.348012
4 7 4368 8 6 8 11 1 0.00854588 0.25927 0.988277
4 7 4368 8 6 8 11 2 0.00849891 0.270842 0.552304
4 7 4368 8 6 8 11 4 0.00848818 0.268883 0.320943
4 7 4368 8 6 8 11 8 0.00483704 0.266851 0.304172
4 7 4368 8 4 8 11 1 0.00422692 0.241729 0.976818
4 7 4368 8 4 8 11 2 0.00897312 0.26468 0.521084
4 7 4368 8 4 8 11 4 0.00883508 0.259618 0.295151
4 7 4368 8 4 8 11 8 0.00855303 0.259562 0.299766
4 7 4368 16 8 8 11 1 0.00688791 0.268 0.988122
4 7 4368 16 8 8 11 2 0.00707507 0.262241 0.618669
4 7 4368 16 8 8 11 4 0.00334787 0.248208 0.318209
4 7 4368 16 8 8 11 8 0.00703311 0.247843 0.374813
4 7 4368 16 6 8 11 1 0.0077641 0.241806 0.994643
4 7 4368 16 6 8 11 2 0.007617 0.240251 0.527456
4 7 4368 16 6 8 11 4 0.00852418 0.243405 0.325153
4 7 4368 16 6 8 11 8 0.0051899 0.267388 0.289462
4 7 4368 16 4 8 11 1 0.00907111 0.261361 0.985196
4 7 4368 16 4 8 11 2 0.00446892 0.268204 0.536676
4 7 4368 16 4 8 11 4 0.00488901 0.268834 0.290784
4 7 4368 16 4 8 11 8 0.00887513 0.264558 0.296323
