10 5 2222 2 8 8 5 1 0.011106 0.141818 0.5523
10 5 2222 2 8 8 5 2 0.006006 0.137027 0.27575
10 5 2222 2 8 8 5 4 0.011797 0.134399 0.178174
10 5 2222 2 8 8 5 8 0.0118639 0.135911 0.245254
10 5 2222 2 6 8 5 1 0.00664496 0.141962 0.52989
10 5 2222 2 6 8 5 2 0.00677514 0.136466 0.285423
10 5 2222 2 6 8 5 4 0.0113339 0.1353 0.188341
10 5 2222 2 6 8 5 8 0.0130379 0.134725 0.37315
10 5 2222 2 4 8 5 1 0.00694203 0.126628 0.498673
10 5 2222 2 4 8 5 2 0.0126331 0.132884 0.261319
10 5 2222 2 4 8 5 4 0.0132239 0.139867 0.171879
10 5 2222 2 4 8 5 8 0.0125961 0.140478 0.381099
10 5 2222 4 8 8 5 1 0.011723 0.135739 0.554776
10 5 2222 4 8 8 5 2 0.00615597 0.127227 0.294895
10 5 2222 4 8 8 5 4 0.011914 0.135841 0.182919
10 5 2222 4 8 8 5 8 0.00576997 0.124802 0.160029
10 5 2222 4 6 8 5 1 0.0115972 0.127057 0.543453
10 5 2222 4 6 8 5 2 0.0130761 0.134391 0.291235
10 5 2222 4 6 8 5 4 0.012769 0.136503 0.191562
10 5 2222 4 6 8 5 8 0.00724387 0.133956 0.394046
10 5 2222 4 4 8 5 1 0.00756097 0.13726 0.524861
10 5 2222 4 4 8 5 2 0.00719404 0.138267 0.281071
10 5 2222 4 4 8 5 4 0.013386 0.135316 0.179767
10 5 2222 4 4 8 5 8 0.00705504 0.139153 0.353561
10 5 2222 8 8 8 5 1 0.0103512 0.136078 0.557966
10 5 2222 8 8 8 5 2 0.00654006 0.134466 0.284756
10 5 2222 8 8 8 5 4 0.00617194 0.129218 0.181104
10 5 2222 8 8 8 5 8 0.00618792 0.131919 0.362199
10 5 2222 8 6 8 5 1 0.0136752 0.129197 0.576933
10 5 2222 8 6 8 5 2 0.013299 0.128364 0.283791
10 5 2222 8 6 8 5 4 0.0129788 0.127164 0.307242
10 5 2222 8 6 8 5 8 0.0131769 0.124723 0.360733
10 5 2222 8 4 8 5 1 0.0130808 0.135746 0.566335
10 5 2222 8 4 8 5 2 0.0140152 0.135363 0.291683
10 5 2222 8 4 8 5 4 0.014194 0.135882 0.188424
10 5 2222 8 4 8 5 8 0.00735521 0.135301 0.38599
10 5 2222 16 8 8 5 1 0.012152 0.138948 0.570396
10 5 2222 16 8 8 5 2 0.00611591 0.14146 0.290149
10 5 2222 16 8 8 5 4 0.0115571 0.136581 0.196372
10 5 2222 16 8 8 5 8 0.00590301 0.133159 0.347358
10 5 2222 16 6 8 5 1 0.0127819 0.135134 0.577242
10 5 2222 16 6 8 5 2 0.00736904 0.13304 0.310697
10 5 2222 16 6 8 5 4 0.00704598 0.126446 0.321764
10 5 2222 16 6 8 5 8 0.01315 0.137064 0.307682
10 5 2222 16 4 8 5 1 0.00744605 0.129871 0.565549
10 5 2222 16 4 8 5 2 0.00994515 0.139757 0.290603
10 5 2222 16 4 8 5 4 0.0145712 0.133532 0.353915
10 5 2222 16 4 8 5 8 0.0134039 0.138924 0.294018
10 5 5555 2 8 8 5 1 0.00715494 0.341483 0.833204
10 5 5555 2 8 8 5 2 0.00589395 0.341309 0.455504
10 5 5555 2 8 8 5 4 0.0110569 0.333331 0.269968
10 5 5555 2 8 8 5 8 0.0117228 0.327976 0.307949
10 5 5555 2 6 8 5 1 0.012105 0.317104 0.804263
10 5 5555 2 6 8 5 2 0.012295 0.332559 0.442812
10 5 5555 2 6 8 5 4 0.013257 0.324911 0.27023
10 5 5555 2 6 8 5 8 0.0130589 0.304961 0.495532
10 5 5555 2 4 8 5 1 0.0129831 0.309415 0.757141
10 5 5555 2 4 8 5 2 0.0124269 0.306971 0.422748
10 5 5555 2 4 8 5 4 0.0131249 0.313291 0.27199
10 5 5555 2 4 8 5 8 0.0169351 0.330574 0.493777
10 5 5555 4 8 8 5 1 0.0118251 0.329806 0.840267
10 5 5555 4 8 8 5 2 0.0117691 0.336472 0.454958
10 5 5555 4 8 8 5 4 0.0112939 0.339597 0.260316
10 5 5555 4 8 8 5 8 0.0102348 0.333294 0.210255
10 5 5555 4 6 8 5 1 0.011615 0.344921 0.811205
10 5 5555 4 6 8 5 2 0.0133872 0.344843 0.442747
10 5 5555 4 6 8 5 4 0.013499 0.338199 0.272353
10 5 5555 4 6 8 5 8 0.0132821 0.332194 0.516679
10 5 5555 4 4 8 5 1 0.0121791 0.333177 0.796697
10 5 5555 4 4 8 5 2 0.013396 0.335631 0.423005
10 5 5555 4 4 8 5 4 0.0131719 0.331624 0.251726
10 5 5555 4 4 8 5 8 0.0128329 0.333661 0.46749
10 5 5555 8 8 8 5 1 0.00601697 0.337809 0.826376
10 5 5555 8 8 8 5 2 0.0121708 0.328066 0.460439
10 5 5555 8 8 8 5 4 0.0113461 0.34095 0.244546
10 5 5555 8 8 8 5 8 0.00619197 0.326173 0.472316
10 5 5555 8 6 8 5 1 0.013659 0.339258 0.861766
10 5 5555 8 6 8 5 2 0.0140069 0.344197 0.458344
10 5 5555 8 6 8 5 4 0.00705481 0.338583 0.479795
10 5 5555 8 6 8 5 8 0.013845 0.337502 0.470726
10 5 5555 8 4 8 5 1 0.0150881 0.33545 0.828137
10 5 5555 8 4 8 5 2 0.0141602 0.338203 0.424096
10 5 5555 8 4 8 5 4 0.0141459 0.335218 0.264992
10 5 5555 8 4 8 5 8 0.00766706 0.33279 0.502144
10 5 5555 16 8 8 5 1 0.00631809 0.341491 0.831544
10 5 5555 16 8 8 5 2 0.00604296 0.344117 0.44337
10 5 5555 16 8 8 5 4 0.0121381 0.334023 0.253161
10 5 5555 16 8 8 5 8 0.0114892 0.33432 0.449341
10 5 5555 16 6 8 5 1 0.0125961 0.334504 0.846745
10 5 5555 16 6 8 5 2 0.0139849 0.338209 0.464524
10 5 5555 16 6 8 5 4 0.00708508 0.30967 0.497131
10 5 5555 16 6 8 5 8 0.0138152 0.328038 0.398819
10 5 5555 16 4 8 5 1 0.007447 0.346729 0.843452
10 5 5555 16 4 8 5 2 0.014462 0.341975 0.446884
10 5 5555 16 4 8 5 4 0.0144711 0.33349 0.564339
10 5 5555 16 4 8 5 8 0.0144019 0.340178 0.371028
10 5 8888 2 8 8 5 1 0.0115669 0.535854 0.938932
10 5 8888 2 8 8 5 2 0.011857 0.532285 0.543141
10 5 8888 2 8 8 5 4 0.011642 0.523226 0.305804
10 5 8888 2 8 8 5 8 0.0116999 0.542882 0.323779
10 5 8888 2 6 8 5 1 0.012852 0.526827 0.913739
10 5 8888 2 6 8 5 2 0.013133 0.553879 0.527828
10 5 8888 2 6 8 5 4 0.00950813 0.545601 0.310973
10 5 8888 2 6 8 5 8 0.0123589 0.540223 0.51741
10 5 8888 2 4 8 5 1 0.013268 0.535912 0.874147
10 5 8888 2 4 8 5 2 0.0131779 0.541681 0.515056
10 5 8888 2 4 8 5 4 0.00833988 0.542872 0.281733
10 5 8888 2 4 8 5 8 0.01333 0.534574 0.520755
10 5 8888 4 8 8 5 1 0.00588703 0.53929 0.942276
10 5 8888 4 8 8 5 2 0.0119619 0.551801 0.534527
10 5 8888 4 8 8 5 4 0.0119569 0.547232 0.312798
10 5 8888 4 8 8 5 8 0.00614905 0.522247 0.22025
10 5 8888 4 6 8 5 1 0.00974202 0.527783 0.930605
10 5 8888 4 6 8 5 2 0.0135531 0.530617 0.522567
10 5 8888 4 6 8 5 4 0.0125909 0.542768 0.308226
10 5 8888 4 6 8 5 8 0.0137031 0.543706 0.537711
10 5 8888 4 4 8 5 1 0.0135241 0.537647 0.894073
10 5 8888 4 4 8 5 2 0.013561 0.517748 0.503039
10 5 8888 4 4 8 5 4 0.0129499 0.537273 0.291486
10 5 8888 4 4 8 5 8 0.0124819 0.539311 0.481318
10 5 8888 8 8 8 5 1 0.00598216 0.535545 0.938915
10 5 8888 8 8 8 5 2 0.012073 0.505175 0.533461
10 5 8888 8 8 8 5 4 0.0114648 0.533285 0.306552
10 5 8888 8 8 8 5 8 0.006001 0.533733 0.489642
10 5 8888 8 6 8 5 1 0.00743508 0.54182 0.938235
10 5 8888 8 6 8 5 2 0.01388 0.500371 0.518014
10 5 8888 8 6 8 5 4 0.0137999 0.535265 0.514081
10 5 8888 8 6 8 5 8 0.0137289 0.537425 0.488025
10 5 8888 8 4 8 5 1 0.0140269 0.542511 0.924284
10 5 8888 8 4 8 5 2 0.00743484 0.542571 0.518042
10 5 8888 8 4 8 5 4 0.0140631 0.542827 0.294593
10 5 8888 8 4 8 5 8 0.012851 0.54728 0.514856
10 5 8888 16 8 8 5 1 0.00870204 0.53947 0.93908
10 5 8888 16 8 8 5 2 0.0120771 0.537149 0.543364
10 5 8888 16 8 8 5 4 0.0120969 0.509907 0.321781
10 5 8888 16 8 8 5 8 0.0117211 0.52756 0.46389
10 5 8888 16 6 8 5 1 0.0133379 0.525422 0.947399
10 5 8888 16 6 8 5 2 0.0134819 0.526568 0.517689
10 5 8888 16 6 8 5 4 0.013741 0.516436 0.57607
10 5 8888 16 6 8 5 8 0.0132349 0.517458 0.415981
10 5 8888 16 4 8 5 1 0.00651884 0.529548 0.929951
10 5 8888 16 4 8 5 2 0.014195 0.527008 0.54406
10 5 8888 16 4 8 5 4 0.00670791 0.529022 0.626641
10 5 8888 16 4 8 5 8 0.0141249 0.518281 0.38319
