4 3 4 2 8 8 5 1 2.09808e-05 0.000778377 0.378426
4 3 4 2 8 8 5 2 3.00407e-05 0.00083226 0.37309
4 3 4 2 8 8 5 4 2.88486e-05 0.000703514 0.393344
4 3 4 2 8 8 5 8 2.88486e-05 0.000725865 0.297132
4 3 4 2 6 8 5 1 1.5974e-05 0.000771523 0.360764
4 3 4 2 6 8 5 2 3.19481e-05 0.00065273 0.373587
4 3 4 2 6 8 5 4 1.5974e-05 0.000658751 0.343291
4 3 4 2 6 8 5 8 2.09808e-05 0.000649124 0.348146
4 3 4 2 4 8 5 1 2.00272e-05 0.000630379 0.377669
4 3 4 2 4 8 5 2 3.29018e-05 0.000672638 0.339071
4 3 4 2 4 8 5 4 1.69277e-05 0.000633001 0.349029
4 3 4 2 4 8 5 8 3.19481e-05 0.000652373 0.297556
4 3 4 4 8 8 5 1 1.38283e-05 0.000617027 0.389611
4 3 4 4 8 8 5 2 1.3113e-05 0.000588 0.360497
4 3 4 4 8 8 5 4 1.40667e-05 0.000589609 0.43718
4 3 4 4 8 8 5 8 1.28746e-05 0.000597 0.312439
4 3 4 4 6 8 5 1 1.78814e-05 0.000611484 0.39041
4 3 4 4 6 8 5 2 2.09808e-05 0.000632495 0.346208
4 3 4 4 6 8 5 4 1.69277e-05 0.000610977 0.289361
4 3 4 4 6 8 5 8 3.69549e-05 0.000582993 0.2707
4 3 4 4 4 8 5 1 1.40667e-05 0.000690132 0.388683
4 3 4 4 4 8 5 2 1.50204e-05 0.000619978 0.332968
4 3 4 4 4 8 5 4 1.50204e-05 0.000623643 0.289056
4 3 4 4 4 8 5 8 1.5974e-05 0.000608742 0.324119
4 3 4 8 8 8 5 1 1.5974e-05 0.000633001 0.395745
4 3 4 8 8 8 5 2 4.00543e-05 0.000645518 0.347562
4 3 4 8 8 8 5 4 1.5974e-05 0.000623614 0.335354
4 3 4 8 8 8 5 8 1.71661e-05 0.000596255 0.400985
4 3 4 8 6 8 5 1 3.38554e-05 0.000596017 0.406667
4 3 4 8 6 8 5 2 1.78814e-05 0.000607491 0.356929
4 3 4 8 6 8 5 4 1.90735e-05 0.000606239 0.293676
4 3 4 8 6 8 5 8 1.78814e-05 0.000610232 0.327261
4 3 4 8 4 8 5 1 3.69549e-05 0.000596106 0.397583
4 3 4 8 4 8 5 2 1.5974e-05 0.000580728 0.330734
4 3 4 8 4 8 5 4 1.5974e-05 0.000592262 0.257452
4 3 4 8 4 8 5 8 1.78814e-05 0.000599116 0.264369
4 3 4 16 8 8 5 1 1.78814e-05 0.000613242 0.406721
4 3 4 16 8 8 5 2 1.5974e-05 0.000578254 0.372703
4 3 4 16 8 8 5 4 1.50204e-05 0.000644147 0.348745
4 3 4 16 8 8 5 8 1.62125e-05 0.000582397 0.32331
4 3 4 16 6 8 5 1 1.71661e-05 0.00058189 0.439206
4 3 4 16 6 8 5 2 1.88351e-05 0.000560135 0.303426
4 3 4 16 6 8 5 4 1.78814e-05 0.000600606 0.248558
4 3 4 16 6 8 5 8 1.81198e-05 0.000627488 0.285622
4 3 4 16 4 8 5 1 1.78814e-05 0.000604749 0.374901
4 3 4 16 4 8 5 2 1.78814e-05 0.000611246 0.286369
4 3 4 16 4 8 5 4 2.09808e-05 0.000587732 0.223056
4 3 4 16 4 8 5 8 3.00407e-05 0.000569493 0.297143
4 3 10 2 8 8 5 1 2.40803e-05 0.000979364 0.66127
4 3 10 2 8 8 5 2 1.5974e-05 0.00091362 0.462468
4 3 10 2 8 8 5 4 1.69277e-05 0.00100702 0.457635
4 3 10 2 8 8 5 8 1.50204e-05 0.000898272 0.328804
4 3 10 2 6 8 5 1 1.5974e-05 0.000968993 0.612677
4 3 10 2 6 8 5 2 1.5974e-05 0.000935137 0.474337
4 3 10 2 6 8 5 4 1.71661e-05 0.000965625 0.512027
4 3 10 2 6 8 5 8 2.90871e-05 0.000843138 0.320643
4 3 10 2 4 8 5 1 1.5974e-05 0.000888377 0.645706
4 3 10 2 4 8 5 2 1.5974e-05 0.000902116 0.441582
4 3 10 2 4 8 5 4 1.69277e-05 0.000855267 0.492749
4 3 10 2 4 8 5 8 1.5974e-05 0.000895262 0.337783
4 3 10 4 8 8 5 1 1.5974e-05 0.000982881 0.657095
4 3 10 4 8 8 5 2 1.50204e-05 0.000916243 0.453574
4 3 10 4 8 8 5 4 2.98023e-05 0.000934124 0.556979
4 3 10 4 8 8 5 8 1.28746e-05 0.000937641 0.325492
4 3 10 4 6 8 5 1 1.90735e-05 0.00100836 0.639901
4 3 10 4 6 8 5 2 1.78814e-05 0.000919878 0.578397
4 3 10 4 6 8 5 4 1.69277e-05 0.00094822 0.41745
4 3 10 4 6 8 5 8 1.81198e-05 0.000894397 0.303175
4 3 10 4 4 8 5 1 1.50204e-05 0.000997365 0.652063
4 3 10 4 4 8 5 2 1.40667e-05 0.000948757 0.464016
4 3 10 4 4 8 5 4 1.50204e-05 0.00102699 0.419365
4 3 10 4 4 8 5 8 3.60012e-05 0.000902265 0.283921
4 3 10 8 8 8 5 1 1.4782e-05 0.000992477 0.657265
4 3 10 8 8 8 5 2 1.5974e-05 0.00107512 0.58257
4 3 10 8 8 8 5 4 1.5974e-05 0.00102651 0.422481
4 3 10 8 8 8 5 8 1.5974e-05 0.000936896 0.326178
4 3 10 8 6 8 5 1 4.00543e-05 0.00110912 0.640476
4 3 10 8 6 8 5 2 1.78814e-05 0.000961751 0.605487
4 3 10 8 6 8 5 4 1.71661e-05 0.00102887 0.420228
4 3 10 8 6 8 5 8 1.78814e-05 0.000987023 0.311513
4 3 10 8 4 8 5 1 5.29289e-05 0.00095275 0.655202
4 3 10 8 4 8 5 2 1.69277e-05 0.00105238 0.542008
4 3 10 8 4 8 5 4 1.62125e-05 0.000978976 0.387135
4 3 10 8 4 8 5 8 2.81334e-05 0.000914872 0.266024
4 3 10 16 8 8 5 1 1.50204e-05 0.0010086 0.69127
4 3 10 16 8 8 5 2 2.40803e-05 0.000947744 0.628662
4 3 10 16 8 8 5 4 1.5974e-05 0.000924617 0.432924
4 3 10 16 8 8 5 8 1.5974e-05 0.000847518 0.35025
4 3 10 16 6 8 5 1 1.90735e-05 0.00101051 0.666958
4 3 10 16 6 8 5 2 2.40803e-05 0.00092411 0.490833
4 3 10 16 6 8 5 4 1.90735e-05 0.00109836 0.344153
4 3 10 16 6 8 5 8 2.00272e-05 0.000940382 0.281865
4 3 10 16 4 8 5 1 3.69549e-05 0.000925273 0.648413
4 3 10 16 4 8 5 2 3.48091e-05 0.000923872 0.450575
4 3 10 16 4 8 5 4 3.60012e-05 0.000939131 0.338948
4 3 10 16 4 8 5 8 3.48091e-05 0.000977486 0.279087
4 3 16 2 8 8 5 1 2.40803e-05 0.00136665 0.796984
4 3 16 2 8 8 5 2 2.00272e-05 0.00134188 0.533598
4 3 16 2 8 8 5 4 1.81198e-05 0.00123012 0.47277
4 3 16 2 8 8 5 8 1.81198e-05 0.00122389 0.330979
4 3 16 2 6 8 5 1 2.09808e-05 0.00128701 0.781984
4 3 16 2 6 8 5 2 2.09808e-05 0.00128713 0.537987
4 3 16 2 6 8 5 4 2.00272e-05 0.00116462 0.561109
4 3 16 2 6 8 5 8 1.50204e-05 0.00116777 0.32445
4 3 16 2 4 8 5 1 2.09808e-05 0.00138012 0.806667
4 3 16 2 4 8 5 2 2.00272e-05 0.00144288 0.526952
4 3 16 2 4 8 5 4 2.19345e-05 0.00143039 0.533881
4 3 16 2 4 8 5 8 2.09808e-05 0.001324 0.327873
4 3 16 4 8 8 5 1 1.71661e-05 0.00135636 0.814603
4 3 16 4 8 8 5 2 1.81198e-05 0.00139812 0.52
4 3 16 4 8 8 5 4 1.69277e-05 0.0013389 0.552471
4 3 16 4 8 8 5 8 1.69277e-05 0.00129288 0.335153
4 3 16 4 6 8 5 1 2.00272e-05 0.00131223 0.788135
4 3 16 4 6 8 5 2 2.09808e-05 0.00133386 0.688605
4 3 16 4 6 8 5 4 3.29018e-05 0.00134125 0.455672
4 3 16 4 6 8 5 8 3.29018e-05 0.00107026 0.304444
4 3 16 4 4 8 5 1 1.78814e-05 0.001443 0.797381
4 3 16 4 4 8 5 2 1.81198e-05 0.00137562 0.509206
4 3 16 4 4 8 5 4 1.90735e-05 0.00137174 0.460429
4 3 16 4 4 8 5 8 1.90735e-05 0.0012325 0.303206
4 3 16 8 8 8 5 1 2.00272e-05 0.00136474 0.815647
4 3 16 8 8 8 5 2 1.90735e-05 0.00132701 0.666587
4 3 16 8 8 8 5 4 1.50204e-05 0.00129798 0.389144
4 3 16 8 8 8 5 8 1.78814e-05 0.001178 0.348123
4 3 16 8 6 8 5 1 2.19345e-05 0.00129661 0.805397
4 3 16 8 6 8 5 2 2.28882e-05 0.00140187 0.691625
4 3 16 8 6 8 5 4 2.21729e-05 0.00126487 0.480037
4 3 16 8 6 8 5 8 2.09808e-05 0.00127274 0.313637
4 3 16 8 4 8 5 1 1.90735e-05 0.0013395 0.799365
4 3 16 8 4 8 5 2 1.81198e-05 0.00134963 0.615762
4 3 16 8 4 8 5 4 1.90735e-05 0.00125712 0.401472
4 3 16 8 4 8 5 8 1.90735e-05 0.00128362 0.277865
4 3 16 16 8 8 5 1 1.88351e-05 0.00136825 0.825833
4 3 16 16 8 8 5 2 1.88351e-05 0.00128311 0.761715
4 3 16 16 8 8 5 4 1.90735e-05 0.001335 0.429064
4 3 16 16 8 8 5 8 1.88351e-05 0.00126427 0.347033
4 3 16 16 6 8 5 1 2.31266e-05 0.00130337 0.820899
4 3 16 16 6 8 5 2 2.19345e-05 0.0012649 0.578056
4 3 16 16 6 8 5 4 2.09808e-05 0.00125837 0.406495
4 3 16 16 6 8 5 8 2.09808e-05 0.0012649 0.292725
4 3 16 16 4 8 5 1 2.31266e-05 0.00134301 0.803889
4 3 16 16 4 8 5 2 2.28882e-05 0.0013445 0.525714
4 3 16 16 4 8 5 4 2.59876e-05 0.00133401 0.358571
4 3 16 16 4 8 5 8 2.28882e-05 0.0011569 0.307778
4 5 68 2 8 8 5 1 0.000311852 0.00445163 0.513788
4 5 68 2 8 8 5 2 0.000553846 0.00486302 0.292097
4 5 68 2 8 8 5 4 0.000420094 0.00474113 0.212509
4 5 68 2 8 8 5 8 0.000371218 0.00503525 0.339065
4 5 68 2 6 8 5 1 0.00060606 0.00485751 0.510894
4 5 68 2 6 8 5 2 0.000588179 0.00438625 0.313502
4 5 68 2 6 8 5 4 0.000589132 0.00475973 0.257694
4 5 68 2 6 8 5 8 0.000431061 0.004612 0.274848
4 5 68 2 4 8 5 1 0.000607967 0.00473374 0.49023
4 5 68 2 4 8 5 2 0.000627041 0.00458539 0.27824
4 5 68 2 4 8 5 4 0.000604153 0.004531 0.262698
4 5 68 2 4 8 5 8 0.00060606 0.00434825 0.260458
4 5 68 4 8 8 5 1 0.000571012 0.00461337 0.513495
4 5 68 4 8 8 5 2 0.0002141 0.00488737 0.271232
4 5 68 4 8 8 5 4 0.000555038 0.00458425 0.233562
4 5 68 4 8 8 5 8 0.00030899 0.00487477 0.353229
4 5 68 4 6 8 5 1 0.000475883 0.00483164 0.5376
4 5 68 4 6 8 5 2 0.000452995 0.00465602 0.348927
4 5 68 4 6 8 5 4 0.000410795 0.00503376 0.211399
4 5 68 4 6 8 5 8 0.000628948 0.00465623 0.395575
4 5 68 4 4 8 5 1 0.00061202 0.00458288 0.505737
4 5 68 4 4 8 5 2 0.000639915 0.00456938 0.292247
4 5 68 4 4 8 5 4 0.000622988 0.00441575 0.221672
4 5 68 4 4 8 5 8 0.000612974 0.00450063 0.36267
4 5 68 8 8 8 5 1 0.000552893 0.00446489 0.52414
4 5 68 8 8 8 5 2 0.000588179 0.004913 0.335612
4 5 68 8 8 8 5 4 0.000257015 0.00485814 0.184623
4 5 68 8 8 8 5 8 0.000338078 0.0048945 0.3148
4 5 68 8 6 8 5 1 0.000478029 0.00527361 0.551283
4 5 68 8 6 8 5 2 0.000594139 0.00494564 0.33792
4 5 68 8 6 8 5 4 0.000463963 0.00472701 0.207186
4 5 68 8 6 8 5 8 0.000634193 0.00469375 0.412927
4 5 68 8 4 8 5 1 0.000522137 0.00482073 0.537478
4 5 68 8 4 8 5 2 0.000501871 0.00464213 0.303578
4 5 68 8 4 8 5 4 0.000674963 0.00459853 0.205746
4 5 68 8 4 8 5 8 0.000648022 0.00448012 0.310248
4 5 68 16 8 8 5 1 0.000571012 0.00447175 0.55793
4 5 68 16 8 8 5 2 0.000593901 0.00465825 0.372601
4 5 68 16 8 8 5 4 0.00057888 0.00500512 0.205326
4 5 68 16 8 8 5 8 0.000555038 0.0047009 0.332939
4 5 68 16 6 8 5 1 0.00030303 0.00488088 0.57667
4 5 68 16 6 8 5 2 0.000487089 0.00515464 0.302235
4 5 68 16 6 8 5 4 0.000462055 0.00520161 0.30858
4 5 68 16 6 8 5 8 0.000250816 0.00514013 0.358586
4 5 68 16 4 8 5 1 0.000263929 0.00477463 0.579151
4 5 68 16 4 8 5 2 0.00030303 0.00466049 0.337172
4 5 68 16 4 8 5 4 0.000255108 0.0046424 0.190976
4 5 68 16 4 8 5 8 0.000337124 0.00463411 0.36722
4 5 170 2 8 8 5 1 0.000283957 0.010881 0.882204
4 5 170 2 8 8 5 2 0.000272989 0.0111814 0.458338
4 5 170 2 8 8 5 4 0.000549078 0.0112112 0.346741
4 5 170 2 8 8 5 8 0.000557184 0.0102867 0.410752
4 5 170 2 6 8 5 1 0.000542164 0.0113646 0.847229
4 5 170 2 6 8 5 2 0.000340939 0.0115583 0.431613
4 5 170 2 6 8 5 4 0.000531197 0.0109446 0.405764
4 5 170 2 6 8 5 8 0.000530005 0.0104219 0.332599
4 5 170 2 4 8 5 1 0.000315189 0.010931 0.820474
4 5 170 2 4 8 5 2 0.000604868 0.0105969 0.421393
4 5 170 2 4 8 5 4 0.00061512 0.0106155 0.403129
4 5 170 2 4 8 5 8 0.000638008 0.0105228 0.315439
4 5 170 4 8 8 5 1 0.000329018 0.0106739 0.87632
4 5 170 4 8 8 5 2 0.000517845 0.0112956 0.437986
4 5 170 4 8 8 5 4 0.000513077 0.0103735 0.35333
4 5 170 4 8 8 5 8 0.000277996 0.0104569 0.413976
4 5 170 4 6 8 5 1 0.000365973 0.0101266 0.859976
4 5 170 4 6 8 5 2 0.000623941 0.0101271 0.526817
4 5 170 4 6 8 5 4 0.000240088 0.0110655 0.34569
4 5 170 4 6 8 5 8 0.000304937 0.010402 0.474734
4 5 170 4 4 8 5 1 0.000307083 0.0111223 0.852045
4 5 170 4 4 8 5 2 0.000614166 0.0112325 0.429774
4 5 170 4 4 8 5 4 0.000242949 0.0111769 0.333853
4 5 170 4 4 8 5 8 0.000302792 0.00998163 0.406325
4 5 170 8 8 8 5 1 0.000295162 0.0112801 0.873974
4 5 170 8 8 8 5 2 0.000283957 0.0108834 0.531789
4 5 170 8 8 8 5 4 0.00027585 0.010282 0.300634
4 5 170 8 8 8 5 8 0.000274897 0.0113786 0.389911
4 5 170 8 6 8 5 1 0.000643015 0.0115449 0.889243
4 5 170 8 6 8 5 2 0.000323057 0.0109163 0.527515
4 5 170 8 6 8 5 4 0.000648022 0.0109233 0.292866
4 5 170 8 6 8 5 8 0.000650883 0.0115673 0.508703
4 5 170 8 4 8 5 1 0.000380993 0.0117159 0.878871
4 5 170 8 4 8 5 2 0.00065589 0.0112049 0.441979
4 5 170 8 4 8 5 4 0.000650167 0.0109725 0.308374
4 5 170 8 4 8 5 8 0.000321865 0.0110865 0.36364
4 5 170 16 8 8 5 1 0.000490904 0.0108111 0.899408
4 5 170 16 8 8 5 2 0.000560045 0.0102372 0.538538
4 5 170 16 8 8 5 4 0.000590086 0.0107781 0.322734
4 5 170 16 8 8 5 8 0.00058794 0.0102032 0.388456
4 5 170 16 6 8 5 1 0.000664949 0.0108656 0.895919
4 5 170 16 6 8 5 2 0.000646114 0.0107109 0.488181
4 5 170 16 6 8 5 4 0.000318766 0.0104786 0.493729
4 5 170 16 6 8 5 8 0.000643969 0.0107656 0.423785
4 5 170 16 4 8 5 1 0.000272989 0.0108685 0.900032
4 5 170 16 4 8 5 2 0.000671148 0.0111444 0.445531
4 5 170 16 4 8 5 4 0.000341892 0.011621 0.273016
4 5 170 16 4 8 5 8 0.000264883 0.0110771 0.44329
4 5 272 2 8 8 5 1 0.00057292 0.0167831 0.970684
4 5 272 2 8 8 5 2 0.000385046 0.0166071 0.523656
4 5 272 2 8 8 5 4 0.000549078 0.016255 0.395162
4 5 272 2 8 8 5 8 0.000556946 0.0159611 0.434703
4 5 272 2 6 8 5 1 0.000231981 0.0174275 0.931413
4 5 272 2 6 8 5 2 0.000286102 0.017516 0.517581
4 5 272 2 6 8 5 4 0.00027585 0.0171929 0.462897
4 5 272 2 6 8 5 8 0.000294924 0.0163894 0.3321
4 5 272 2 4 8 5 1 0.000243187 0.018175 0.902864
4 5 272 2 4 8 5 2 0.000310898 0.018108 0.508465
4 5 272 2 4 8 5 4 0.000629187 0.016638 0.436452
4 5 272 2 4 8 5 8 0.000560999 0.0169866 0.336667
4 5 272 4 8 8 5 1 0.000509977 0.0177339 0.968333
4 5 272 4 8 8 5 2 0.000276089 0.0162604 0.52957
4 5 272 4 8 8 5 4 0.000558853 0.0160097 0.370084
4 5 272 4 8 8 5 8 0.000544071 0.0155282 0.417222
4 5 272 4 6 8 5 1 0.000314951 0.016914 0.946711
4 5 272 4 6 8 5 2 0.000596046 0.0166986 0.610984
4 5 272 4 6 8 5 4 0.000616074 0.0162832 0.407397
4 5 272 4 6 8 5 8 0.000579119 0.0157442 0.465716
4 5 272 4 4 8 5 1 0.00030899 0.0168303 0.934218
4 5 272 4 4 8 5 2 0.000584841 0.0162999 0.529567
4 5 272 4 4 8 5 4 0.000642061 0.0167154 0.365736
4 5 272 4 4 8 5 8 0.000607014 0.0164215 0.451109
4 5 272 8 8 8 5 1 0.00058794 0.0170991 0.965587
4 5 272 8 8 8 5 2 0.000519991 0.0165959 0.647447
4 5 272 8 8 8 5 4 0.00056386 0.0167314 0.345194
4 5 272 8 8 8 5 8 0.000551939 0.0156155 0.401515
4 5 272 8 6 8 5 1 0.000650167 0.0164038 0.969857
4 5 272 8 6 8 5 2 0.000246048 0.017057 0.584032
4 5 272 8 6 8 5 4 0.000646114 0.0157574 0.313748
4 5 272 8 6 8 5 8 0.000254869 0.0163281 0.517099
4 5 272 8 4 8 5 1 0.000613928 0.016853 0.959008
4 5 272 8 4 8 5 2 0.000648022 0.0165035 0.511843
4 5 272 8 4 8 5 4 0.000320911 0.0167191 0.329226
4 5 272 8 4 8 5 8 0.000406027 0.0164638 0.362407
4 5 272 16 8 8 5 1 0.000290871 0.0167749 0.975853
4 5 272 16 8 8 5 2 0.000272989 0.0171834 0.652498
4 5 272 16 8 8 5 4 0.000231981 0.0172134 0.351832
4 5 272 16 8 8 5 8 0.000287056 0.0168239 0.396638
4 5 272 16 6 8 5 1 0.000323057 0.0172434 0.972656
4 5 272 16 6 8 5 2 0.000660181 0.016219 0.546599
4 5 272 16 6 8 5 4 0.000321865 0.0165399 0.556625
4 5 272 16 6 8 5 8 0.000331163 0.016142 0.421627
4 5 272 16 4 8 5 1 0.000319004 0.0162066 0.976535
4 5 272 16 4 8 5 2 0.000305891 0.0157451 0.524604
4 5 272 16 4 8 5 4 0.00036788 0.016506 0.297662
4 5 272 16 4 8 5 8 0.000339031 0.0163394 0.468707
