4 7 1092 2 8 8 5 1 0.00621891 0.0700075 0.754263
4 7 1092 2 8 8 5 2 0.00694299 0.069443 0.345233
4 7 1092 2 8 8 5 4 0.00585604 0.0684229 0.185883
4 7 1092 2 8 8 5 8 0.00345302 0.0687389 0.289406
4 7 1092 2 6 8 5 1 0.00389194 0.0673937 0.685944
4 7 1092 2 6 8 5 2 0.00400305 0.0678131 0.319402
4 7 1092 2 6 8 5 4 0.00401187 0.0660554 0.275494
4 7 1092 2 6 8 5 8 0.00390697 0.0661794 0.267103
4 7 1092 2 4 8 5 1 0.00390601 0.0679755 0.67437
4 7 1092 2 4 8 5 2 0.00391793 0.0649026 0.309081
4 7 1092 2 4 8 5 4 0.008008 0.0660166 0.238349
4 7 1092 2 4 8 5 8 0.00774193 0.0675243 0.239706
4 7 1092 4 8 8 5 1 0.00340605 0.0688095 0.761794
4 7 1092 4 8 8 5 2 0.00339389 0.0684761 0.326007
4 7 1092 4 8 8 5 4 0.00343609 0.0689149 0.182407
4 7 1092 4 8 8 5 8 0.00742292 0.0684734 0.27562
4 7 1092 4 6 8 5 1 0.00802207 0.0687188 0.738184
4 7 1092 4 6 8 5 2 0.00802088 0.0644454 0.335991
4 7 1092 4 6 8 5 4 0.0080409 0.0689764 0.251599
4 7 1092 4 6 8 5 8 0.00428581 0.0671454 0.290206
4 7 1092 4 4 8 5 1 0.00445294 0.0675781 0.735127
4 7 1092 4 4 8 5 2 0.00421 0.068151 0.333039
4 7 1092 4 4 8 5 4 0.00423384 0.0659944 0.250491
4 7 1092 4 4 8 5 8 0.00864196 0.0702259 0.267184
4 7 1092 8 8 8 5 1 0.00707793 0.0691039 0.765434
4 7 1092 8 8 8 5 2 0.00474119 0.0686054 0.392966
4 7 1092 8 8 8 5 4 0.00716591 0.0710941 0.222425
4 7 1092 8 8 8 5 8 0.003654 0.0670005 0.324055
4 7 1092 8 6 8 5 1 0.00400615 0.0696572 0.807362
4 7 1092 8 6 8 5 2 0.00836992 0.0697598 0.361674
4 7 1092 8 6 8 5 4 0.00383377 0.0632961 0.23636
4 7 1092 8 6 8 5 8 0.00488997 0.0570801 0.415298
4 7 1092 8 4 8 5 1 0.00867701 0.0633535 0.767546
4 7 1092 8 4 8 5 2 0.00510502 0.063259 0.301606
4 7 1092 8 4 8 5 4 0.00517297 0.0679097 0.206414
4 7 1092 8 4 8 5 8 0.00420308 0.0687226 0.314987
4 7 1092 16 8 8 5 1 0.00629997 0.0648938 0.753018
4 7 1092 16 8 8 5 2 0.00717711 0.0672519 0.371748
4 7 1092 16 8 8 5 4 0.00720406 0.0682572 0.232944
4 7 1092 16 8 8 5 8 0.0042491 0.065017 0.341554
4 7 1092 16 6 8 5 1 0.00825787 0.0672819 0.821529
4 7 1092 16 6 8 5 2 0.00823903 0.0681891 0.341258
4 7 1092 16 6 8 5 4 0.0080409 0.0672143 0.30626
4 7 1092 16 6 8 5 8 0.00688601 0.0697003 0.29837
4 7 1092 16 4 8 5 1 0.00529003 0.0653593 0.773494
4 7 1092 16 4 8 5 2 0.00586104 0.06925 0.324514
4 7 1092 16 4 8 5 4 0.00524187 0.0661096 0.189289
4 7 1092 16 4 8 5 8 0.00460815 0.0652611 0.341315
4 7 2730 2 8 8 5 1 0.00350595 0.170352 0.945265
4 7 2730 2 8 8 5 2 0.00735593 0.164441 0.454096
4 7 2730 2 8 8 5 4 0.00729895 0.153451 0.259103
4 7 2730 2 8 8 5 8 0.00698805 0.155439 0.339922
4 7 2730 2 6 8 5 1 0.00687003 0.137197 0.916095
4 7 2730 2 6 8 5 2 0.00784993 0.154532 0.439742
4 7 2730 2 6 8 5 4 0.00653386 0.1531 0.427982
4 7 2730 2 6 8 5 8 0.00801086 0.151425 0.348506
4 7 2730 2 4 8 5 1 0.00702786 0.135067 0.867504
4 7 2730 2 4 8 5 2 0.0077908 0.150497 0.401131
4 7 2730 2 4 8 5 4 0.00768709 0.16602 0.368407
4 7 2730 2 4 8 5 8 0.00384688 0.163114 0.309088
4 7 2730 4 8 8 5 1 0.00728321 0.166742 0.947021
4 7 2730 4 8 8 5 2 0.00365496 0.168131 0.442971
4 7 2730 4 8 8 5 4 0.00743699 0.16883 0.275624
4 7 2730 4 8 8 5 8 0.00412893 0.162557 0.340023
4 7 2730 4 6 8 5 1 0.00405788 0.165275 0.944228
4 7 2730 4 6 8 5 2 0.00829005 0.169769 0.507466
4 7 2730 4 6 8 5 4 0.00783086 0.165696 0.354656
4 7 2730 4 6 8 5 8 0.00837708 0.157298 0.372518
4 7 2730 4 4 8 5 1 0.00781798 0.157979 0.916283
4 7 2730 4 4 8 5 2 0.00844598 0.157913 0.450759
4 7 2730 4 4 8 5 4 0.00829816 0.169795 0.376796
4 7 2730 4 4 8 5 8 0.00794482 0.156102 0.322639
4 7 2730 8 8 8 5 1 0.007056 0.168221 0.947361
4 7 2730 8 8 8 5 2 0.0069139 0.165257 0.557361
4 7 2730 8 8 8 5 4 0.00696206 0.164721 0.325834
4 7 2730 8 8 8 5 8 0.00693679 0.158156 0.353715
4 7 2730 8 6 8 5 1 0.00792289 0.161068 0.959742
4 7 2730 8 6 8 5 2 0.00852013 0.16005 0.508601
4 7 2730 8 6 8 5 4 0.00806212 0.162086 0.316988
4 7 2730 8 6 8 5 8 0.00478101 0.16017 0.477232
4 7 2730 8 4 8 5 1 0.008322 0.159169 0.937028
4 7 2730 8 4 8 5 2 0.00832605 0.159487 0.462431
4 7 2730 8 4 8 5 4 0.00879717 0.160646 0.321797
4 7 2730 8 4 8 5 8 0.00361013 0.152791 0.364026
4 7 2730 16 8 8 5 1 0.00709295 0.164966 0.951531
4 7 2730 16 8 8 5 2 0.00700402 0.160188 0.548283
4 7 2730 16 8 8 5 4 0.00707793 0.157949 0.325892
4 7 2730 16 8 8 5 8 0.00708222 0.155948 0.385492
4 7 2730 16 6 8 5 1 0.00341892 0.162232 0.954375
4 7 2730 16 6 8 5 2 0.00795293 0.156514 0.454996
4 7 2730 16 6 8 5 4 0.00843 0.161838 0.477524
4 7 2730 16 6 8 5 8 0.00822306 0.162647 0.381199
4 7 2730 16 4 8 5 1 0.00886202 0.159467 0.943595
4 7 2730 16 4 8 5 2 0.00686693 0.160636 0.470754
4 7 2730 16 4 8 5 4 0.00840378 0.167886 0.275584
4 7 2730 16 4 8 5 8 0.00366807 0.159327 0.418117
4 7 4368 2 8 8 5 1 0.00690103 0.254881 0.987563
4 7 4368 2 8 8 5 2 0.00727892 0.263937 0.53413
4 7 4368 2 8 8 5 4 0.00690293 0.256561 0.309347
4 7 4368 2 8 8 5 8 0.00718307 0.253522 0.343828
4 7 4368 2 6 8 5 1 0.00812483 0.255178 0.97045
4 7 4368 2 6 8 5 2 0.00760412 0.262487 0.534715
4 7 4368 2 6 8 5 4 0.00800681 0.256173 0.492137
4 7 4368 2 6 8 5 8 0.00752783 0.249091 0.343992
4 7 4368 2 4 8 5 1 0.00791693 0.255563 0.92992
4 7 4368 2 4 8 5 2 0.00342703 0.253207 0.503878
4 7 4368 2 4 8 5 4 0.00792193 0.271428 0.409246
4 7 4368 2 4 8 5 8 0.00814795 0.270867 0.3057
4 7 4368 4 8 8 5 1 0.00351 0.264674 0.99023
4 7 4368 4 8 8 5 2 0.00745082 0.275511 0.496964
4 7 4368 4 8 8 5 4 0.00732613 0.26876 0.320937
4 7 4368 4 8 8 5 8 0.00734591 0.26151 0.354722
4 7 4368 4 6 8 5 1 0.00834012 0.271756 0.984881
4 7 4368 4 6 8 5 2 0.00834394 0.269279 0.603563
4 7 4368 4 6 8 5 4 0.00402713 0.264106 0.406903
4 7 4368 4 6 8 5 8 0.00384212 0.257918 0.374074
4 7 4368 4 4 8 5 1 0.00848198 0.274301 0.963481
4 7 4368 4 4 8 5 2 0.00839305 0.277296 0.54105
4 7 4368 4 4 8 5 4 0.00447297 0.257829 0.417374
4 7 4368 4 4 8 5 8 0.00418591 0.267062 0.325642
4 7 4368 8 8 8 5 1 0.00738382 0.274189 0.991323
4 7 4368 8 8 8 5 2 0.00707793 0.24453 0.601848
4 7 4368 8 8 8 5 4 0.0074842 0.263833 0.346259
4 7 4368 8 8 8 5 8 0.003407 0.242744 0.390147
4 7 4368 8 6 8 5 1 0.0085361 0.242838 0.988145
4 7 4368 8 6 8 5 2 0.00806808 0.24189 0.590412
4 7 4368 8 6 8 5 4 0.0039959 0.267079 0.356509
4 7 4368 8 6 8 5 8 0.00835896 0.264819 0.499986
4 7 4368 8 4 8 5 1 0.00417209 0.244977 0.979191
4 7 4368 8 4 8 5 2 0.00755882 0.265583 0.50113
4 7 4368 8 4 8 5 4 0.00714612 0.259331 0.345475
4 7 4368 8 4 8 5 8 0.00408602 0.264022 0.351867
4 7 4368 16 8 8 5 1 0.00757003 0.247236 0.990813
4 7 4368 16 8 8 5 2 0.00757718 0.261339 0.647508
4 7 4368 16 8 8 5 4 0.00708413 0.255968 0.356939
4 7 4368 16 8 8 5 8 0.00317001 0.254001 0.387643
4 7 4368 16 6 8 5 1 0.00815511 0.268211 0.989028
4 7 4368 16 6 8 5 2 0.00835204 0.251657 0.547441
4 7 4368 16 6 8 5 4 0.008214 0.266078 0.557838
4 7 4368 16 6 8 5 8 0.00836992 0.257812 0.393857
4 7 4368 16 4 8 5 1 0.00880218 0.2639 0.986429
4 7 4368 16 4 8 5 2 0.00841188 0.250354 0.51966
4 7 4368 16 4 8 5 4 0.00866389 0.255541 0.316974
4 7 4368 16 4 8 5 8 0.00838709 0.251437 0.449671
