8 5 936 2 8 8 11 1 0.00529981 0.0683006 0.643238
8 5 936 2 8 8 11 2 0.00342679 0.060117 0.304068
8 5 936 2 8 8 11 4 0.00237083 0.0562938 0.193321
8 5 936 2 8 8 11 8 0.00535417 0.0568486 0.109407
8 5 936 2 6 8 11 1 0.0060811 0.056439 0.628073
8 5 936 2 6 8 11 2 0.00652909 0.0565195 0.331791
8 5 936 2 6 8 11 4 0.0060432 0.0575975 0.178171
8 5 936 2 6 8 11 8 0.00604081 0.0582733 0.120475
8 5 936 2 4 8 11 1 0.00615096 0.0586996 0.567267
8 5 936 2 4 8 11 2 0.00633097 0.0549231 0.287315
8 5 936 2 4 8 11 4 0.00634694 0.0557544 0.210082
8 5 936 2 4 8 11 8 0.00621605 0.0543333 0.118413
8 5 936 4 8 8 11 1 0.00540209 0.0557739 0.666173
8 5 936 4 8 8 11 2 0.00554609 0.0568843 0.306949
8 5 936 4 8 8 11 4 0.00545001 0.0600778 0.188966
8 5 936 4 8 8 11 8 0.0056622 0.0590147 0.123516
8 5 936 4 6 8 11 1 0.00548577 0.0570019 0.646308
8 5 936 4 6 8 11 2 0.00364709 0.0569327 0.310208
8 5 936 4 6 8 11 4 0.00623488 0.0550095 0.200256
8 5 936 4 6 8 11 8 0.00659204 0.0569695 0.129365
8 5 936 4 4 8 11 1 0.00628304 0.0598578 0.603805
8 5 936 4 4 8 11 2 0.00619578 0.0569524 0.30276
8 5 936 4 4 8 11 4 0.00621295 0.0566781 0.191422
8 5 936 4 4 8 11 8 0.00363803 0.0568896 0.120618
8 5 936 8 8 8 11 1 0.00576305 0.0583511 0.667326
8 5 936 8 8 8 11 2 0.00321698 0.0579004 0.310427
8 5 936 8 8 8 11 4 0.00590682 0.0563375 0.195123
8 5 936 8 8 8 11 8 0.00320387 0.0559989 0.123578
8 5 936 8 6 8 11 1 0.006423 0.0565957 0.696386
8 5 936 8 6 8 11 2 0.00645804 0.0568655 0.319247
8 5 936 8 6 8 11 4 0.00646806 0.0600166 0.187008
8 5 936 8 6 8 11 8 0.00644493 0.0595704 0.129047
8 5 936 8 4 8 11 1 0.00693297 0.0613608 0.693986
8 5 936 8 4 8 11 2 0.00673199 0.0638036 0.30299
8 5 936 8 4 8 11 4 0.00673699 0.0605736 0.1942
8 5 936 8 4 8 11 8 0.00652385 0.0577897 0.118672
8 5 936 16 8 8 11 1 0.00549698 0.0557765 0.667981
8 5 936 16 8 8 11 2 0.00584102 0.0570001 0.341106
8 5 936 16 8 8 11 4 0.00549006 0.0555264 0.194964
8 5 936 16 8 8 11 8 0.00320697 0.0555795 0.132595
8 5 936 16 6 8 11 1 0.00650287 0.0580766 0.696691
8 5 936 16 6 8 11 2 0.00681996 0.0571283 0.334374
8 5 936 16 6 8 11 4 0.00688386 0.0556602 0.225583
8 5 936 16 6 8 11 8 0.00680995 0.0544755 0.157844
8 5 936 16 4 8 11 1 0.00687599 0.0551989 0.714694
8 5 936 16 4 8 11 2 0.00697398 0.0540119 0.321505
8 5 936 16 4 8 11 4 0.00401807 0.060485 0.202388
8 5 936 16 4 8 11 8 0.00700998 0.0557811 0.112721
8 5 2340 2 8 8 11 1 0.00574708 0.137369 0.900325
8 5 2340 2 8 8 11 2 0.00535607 0.136442 0.481866
8 5 2340 2 8 8 11 4 0.00565696 0.138237 0.28291
8 5 2340 2 8 8 11 8 0.00576305 0.139391 0.138023
8 5 2340 2 6 8 11 1 0.00649595 0.139769 0.862922
8 5 2340 2 6 8 11 2 0.00638294 0.136767 0.454655
8 5 2340 2 6 8 11 4 0.00618601 0.139717 0.271299
8 5 2340 2 6 8 11 8 0.00565004 0.137169 0.162369
8 5 2340 2 4 8 11 1 0.00609279 0.142705 0.816355
8 5 2340 2 4 8 11 2 0.00266385 0.133272 0.443532
8 5 2340 2 4 8 11 4 0.00273609 0.138519 0.293782
8 5 2340 2 4 8 11 8 0.00550914 0.134797 0.150533
8 5 2340 4 8 8 11 1 0.00541711 0.139769 0.906927
8 5 2340 4 8 8 11 2 0.00236797 0.140367 0.449953
8 5 2340 4 8 8 11 4 0.00463915 0.140297 0.267158
8 5 2340 4 8 8 11 8 0.0054729 0.135134 0.158534
8 5 2340 4 6 8 11 1 0.005476 0.142705 0.897812
8 5 2340 4 6 8 11 2 0.00288105 0.14359 0.456843
8 5 2340 4 6 8 11 4 0.002738 0.136544 0.274148
8 5 2340 4 6 8 11 8 0.00622296 0.133036 0.160328
8 5 2340 4 4 8 11 1 0.00666285 0.134991 0.85042
8 5 2340 4 4 8 11 2 0.00623107 0.136035 0.450507
8 5 2340 4 4 8 11 4 0.00657821 0.135676 0.304273
8 5 2340 4 4 8 11 8 0.00658083 0.135292 0.156178
8 5 2340 8 8 8 11 1 0.00585794 0.13878 0.913245
8 5 2340 8 8 8 11 2 0.00570893 0.139466 0.464351
8 5 2340 8 8 8 11 4 0.00554705 0.13481 0.297291
8 5 2340 8 8 8 11 8 0.00579691 0.133152 0.158277
8 5 2340 8 6 8 11 1 0.00645685 0.137948 0.917803
8 5 2340 8 6 8 11 2 0.00276899 0.134945 0.468154
8 5 2340 8 6 8 11 4 0.0064249 0.138072 0.294904
8 5 2340 8 6 8 11 8 0.006459 0.142612 0.176358
8 5 2340 8 4 8 11 1 0.00713205 0.135279 0.900992
8 5 2340 8 4 8 11 2 0.00692391 0.140915 0.443904
8 5 2340 8 4 8 11 4 0.00294495 0.13598 0.287988
8 5 2340 8 4 8 11 8 0.00591302 0.131195 0.147567
8 5 2340 16 8 8 11 1 0.00591803 0.143184 0.913548
8 5 2340 16 8 8 11 2 0.00582385 0.143068 0.470339
8 5 2340 16 8 8 11 4 0.00550818 0.134185 0.294981
8 5 2340 16 8 8 11 8 0.00592709 0.134483 0.166881
8 5 2340 16 6 8 11 1 0.00651288 0.138941 0.920026
8 5 2340 16 6 8 11 2 0.00703502 0.143388 0.466677
8 5 2340 16 6 8 11 4 0.00694299 0.140192 0.312777
8 5 2340 16 6 8 11 8 0.00335789 0.144095 0.190203
8 5 2340 16 4 8 11 1 0.00324202 0.140383 0.930885
8 5 2340 16 4 8 11 2 0.00543404 0.142973 0.456652
8 5 2340 16 4 8 11 4 0.00418711 0.144276 0.294315
8 5 2340 16 4 8 11 8 0.00330687 0.143866 0.141249
8 5 3744 2 8 8 11 1 0.0057869 0.228799 0.960784
8 5 3744 2 8 8 11 2 0.00275517 0.232271 0.516707
8 5 3744 2 8 8 11 4 0.00279689 0.227908 0.304403
8 5 3744 2 8 8 11 8 0.00540805 0.232784 0.147251
8 5 3744 2 6 8 11 1 0.00357604 0.227985 0.937486
8 5 3744 2 6 8 11 2 0.00578403 0.227663 0.511688
8 5 3744 2 6 8 11 4 0.00667095 0.223816 0.277244
8 5 3744 2 6 8 11 8 0.00358796 0.221959 0.157845
8 5 3744 2 4 8 11 1 0.00307488 0.231873 0.898779
8 5 3744 2 4 8 11 2 0.00298595 0.233024 0.500181
8 5 3744 2 4 8 11 4 0.00302601 0.229059 0.324446
8 5 3744 2 4 8 11 8 0.00370193 0.224988 0.15012
8 5 3744 4 8 8 11 1 0.00586414 0.229026 0.968281
8 5 3744 4 8 8 11 2 0.00290298 0.227057 0.521391
8 5 3744 4 8 8 11 4 0.00352001 0.222894 0.307137
8 5 3744 4 8 8 11 8 0.00589299 0.22486 0.160323
8 5 3744 4 6 8 11 1 0.00688386 0.210681 0.958264
8 5 3744 4 6 8 11 2 0.00667405 0.228091 0.534568
8 5 3744 4 6 8 11 4 0.00330186 0.224871 0.316643
8 5 3744 4 6 8 11 8 0.00300813 0.222645 0.173213
8 5 3744 4 4 8 11 1 0.0067699 0.237819 0.923624
8 5 3744 4 4 8 11 2 0.00369692 0.231135 0.510057
8 5 3744 4 4 8 11 4 0.00320101 0.237209 0.341228
8 5 3744 4 4 8 11 8 0.00308609 0.220868 0.162892
8 5 3744 8 8 8 11 1 0.0055449 0.236302 0.970658
8 5 3744 8 8 8 11 2 0.00571585 0.219324 0.505767
8 5 3744 8 8 8 11 4 0.00251389 0.218322 0.319402
8 5 3744 8 8 8 11 8 0.00550508 0.217876 0.155905
8 5 3744 8 6 8 11 1 0.00666213 0.219954 0.968224
8 5 3744 8 6 8 11 2 0.003268 0.220318 0.512128
8 5 3744 8 6 8 11 4 0.00664997 0.225553 0.317462
8 5 3744 8 6 8 11 8 0.00280595 0.217514 0.173406
8 5 3744 8 4 8 11 1 0.00626397 0.216698 0.957606
8 5 3744 8 4 8 11 2 0.00282788 0.222776 0.534293
8 5 3744 8 4 8 11 4 0.00672698 0.209862 0.301066
8 5 3744 8 4 8 11 8 0.00687599 0.210492 0.15075
8 5 3744 16 8 8 11 1 0.005867 0.23057 0.972863
8 5 3744 16 8 8 11 2 0.00562191 0.215855 0.538749
8 5 3744 16 8 8 11 4 0.005898 0.212799 0.322066
8 5 3744 16 8 8 11 8 0.00592518 0.216162 0.1859
8 5 3744 16 6 8 11 1 0.00643587 0.226597 0.971986
8 5 3744 16 6 8 11 2 0.00687695 0.226663 0.512979
8 5 3744 16 6 8 11 4 0.00538278 0.21183 0.366417
8 5 3744 16 6 8 11 8 0.00668001 0.211821 0.215202
8 5 3744 16 4 8 11 1 0.00703621 0.226533 0.972958
8 5 3744 16 4 8 11 2 0.00718188 0.226592 0.532383
8 5 3744 16 4 8 11 4 0.00702906 0.212932 0.338693
8 5 3744 16 4 8 11 8 0.00675297 0.21818 0.150445
