4 9 17476 2 8 8 5 1 0.0715399 0.908708 0.831445
4 9 17476 2 8 8 5 2 0.0563102 0.974871 0.373346
4 9 17476 2 8 8 5 4 0.048557 1.01863 0.186094
4 9 17476 2 8 8 5 8 0.048317 1.07025 0.294227
4 9 17476 2 6 8 5 1 0.0630682 0.928706 0.849604
4 9 17476 2 6 8 5 2 0.0807588 1.00376 0.348596
4 9 17476 2 6 8 5 4 0.0618711 0.970976 0.281727
4 9 17476 2 6 8 5 8 0.0594652 1.07124 0.309682
4 9 17476 2 4 8 5 1 0.0725489 0.978281 0.739712
4 9 17476 2 4 8 5 2 0.065166 0.9786 0.355888
4 9 17476 2 4 8 5 4 0.0798039 0.887 0.259895
4 9 17476 2 4 8 5 8 0.067178 0.928924 0.30635
4 9 17476 4 8 8 5 1 0.055186 0.828649 0.846041
4 9 17476 4 8 8 5 2 0.0720239 0.939925 0.388708
4 9 17476 4 8 8 5 4 0.049309 1.0247 0.243508
4 9 17476 4 8 8 5 8 0.0716522 0.984339 0.267093
4 9 17476 4 6 8 5 1 0.0632179 1.02139 0.87435
4 9 17476 4 6 8 5 2 0.0681801 0.970703 0.429902
4 9 17476 4 6 8 5 4 0.083848 0.974063 0.240375
4 9 17476 4 6 8 5 8 0.0670681 1.01557 0.348726
4 9 17476 4 4 8 5 1 0.074337 0.993707 0.823495
4 9 17476 4 4 8 5 2 0.0632901 0.961372 0.349373
4 9 17476 4 4 8 5 4 0.0679731 1.03238 0.2441
4 9 17476 4 4 8 5 8 0.0876548 1.06576 0.25906
4 9 17476 8 8 8 5 1 0.062386 1.01342 0.850073
4 9 17476 8 8 8 5 2 0.062943 1.03606 0.426608
4 9 17476 8 8 8 5 4 0.0737009 0.869885 0.233157
4 9 17476 8 8 8 5 8 0.059952 0.969971 0.283935
4 9 17476 8 6 8 5 1 0.0791631 0.955886 0.888765
4 9 17476 8 6 8 5 2 0.059222 0.914532 0.379794
4 9 17476 8 6 8 5 4 0.070848 1.04613 0.238469
4 9 17476 8 6 8 5 8 0.0703049 0.994912 0.368743
4 9 17476 8 4 8 5 1 0.0915351 0.966991 0.88849
4 9 17476 8 4 8 5 2 0.072535 1.00237 0.352713
4 9 17476 8 4 8 5 4 0.0772872 1.00138 0.208394
4 9 17476 8 4 8 5 8 0.0737629 0.970375 0.313776
4 9 17476 16 8 8 5 1 0.0621572 0.986271 0.872346
4 9 17476 16 8 8 5 2 0.068929 1.02847 0.41379
4 9 17476 16 8 8 5 4 0.0535228 0.97633 0.213145
4 9 17476 16 8 8 5 8 0.0572681 1.04254 0.342863
4 9 17476 16 6 8 5 1 0.0792711 1.03301 0.911585
4 9 17476 16 6 8 5 2 0.07005 1.01522 0.379349
4 9 17476 16 6 8 5 4 0.0684118 1.05683 0.32737
4 9 17476 16 6 8 5 8 0.0664289 1.06493 0.291489
4 9 17476 16 4 8 5 1 0.0742521 0.922568 0.91547
4 9 17476 16 4 8 5 2 0.067714 0.807421 0.367157
4 9 17476 16 4 8 5 4 0.087352 0.770891 0.205543
4 9 17476 16 4 8 5 8 0.0642319 0.820658 0.356822
4 9 43690 2 8 8 5 1 0.0498068 1.99396 0.97966
4 9 43690 2 8 8 5 2 0.06797 2.31841 0.491881
4 9 43690 2 8 8 5 4 0.056401 2.1147 0.274089
4 9 43690 2 8 8 5 8 0.0546169 1.95951 0.338148
4 9 43690 2 6 8 5 1 0.0570841 1.71063 0.963914
4 9 43690 2 6 8 5 2 0.0599601 1.73729 0.484367
4 9 43690 2 6 8 5 4 0.0609109 1.91084 0.423371
4 9 43690 2 6 8 5 8 0.0605268 2.08462 0.383158
4 9 43690 2 4 8 5 1 0.05844 1.99136 0.90384
4 9 43690 2 4 8 5 2 0.079041 1.9627 0.478415
4 9 43690 2 4 8 5 4 0.0779371 2.15887 0.402113
4 9 43690 2 4 8 5 8 0.0630901 2.07696 0.32155
4 9 43690 4 8 8 5 1 0.0485091 1.84297 0.984064
4 9 43690 4 8 8 5 2 0.058598 2.11052 0.501335
4 9 43690 4 8 8 5 4 0.052537 1.80619 0.360957
4 9 43690 4 8 8 5 8 0.0496402 1.90589 0.324943
4 9 43690 4 6 8 5 1 0.057678 1.777 0.9789
4 9 43690 4 6 8 5 2 0.0604 2.25848 0.540378
4 9 43690 4 6 8 5 4 0.0618708 1.93469 0.372316
4 9 43690 4 6 8 5 8 0.0582261 1.81942 0.448842
4 9 43690 4 4 8 5 1 0.0643411 1.74706 0.953237
4 9 43690 4 4 8 5 2 0.064621 2.10272 0.475431
4 9 43690 4 4 8 5 4 0.06146 1.95265 0.362609
4 9 43690 4 4 8 5 8 0.063894 1.70281 0.330446
4 9 43690 8 8 8 5 1 0.0503631 1.78983 0.982917
4 9 43690 8 8 8 5 2 0.0687129 1.80294 0.579266
4 9 43690 8 8 8 5 4 0.0494702 1.79533 0.32744
4 9 43690 8 8 8 5 8 0.0523889 1.91096 0.345272
4 9 43690 8 6 8 5 1 0.063262 1.98012 0.986239
4 9 43690 8 6 8 5 2 0.068891 2.06812 0.516349
4 9 43690 8 6 8 5 4 0.063781 2.06527 0.335166
4 9 43690 8 6 8 5 8 0.059973 1.83256 0.41669
4 9 43690 8 4 8 5 1 0.0614991 1.77712 0.977793
4 9 43690 8 4 8 5 2 0.070518 1.88006 0.468517
4 9 43690 8 4 8 5 4 0.066324 2.17071 0.311057
4 9 43690 8 4 8 5 8 0.084265 2.10502 0.373614
4 9 43690 16 8 8 5 1 0.050452 2.42876 0.989262
4 9 43690 16 8 8 5 2 0.0687771 2.57435 0.589563
4 9 43690 16 8 8 5 4 0.068748 2.17948 0.336275
4 9 43690 16 8 8 5 8 0.0697148 2.19496 0.394184
4 9 43690 16 6 8 5 1 0.0656159 1.81596 0.990777
4 9 43690 16 6 8 5 2 0.0649741 2.40852 0.485757
4 9 43690 16 6 8 5 4 0.058619 2.47149 0.498106
4 9 43690 16 6 8 5 8 0.0827661 2.4128 0.361425
4 9 43690 16 4 8 5 1 0.062664 2.58954 0.987547
4 9 43690 16 4 8 5 2 0.0777369 2.24976 0.49099
4 9 43690 16 4 8 5 4 0.0686841 2.2276 0.283381
4 9 43690 16 4 8 5 8 0.0727921 2.04641 0.404365
4 9 69904 2 8 8 5 1 0.0490508 2.92928 0.995255
4 9 69904 2 8 8 5 2 0.0516472 3.03534 0.55519
4 9 69904 2 8 8 5 4 0.052479 3.21191 0.330198
4 9 69904 2 8 8 5 8 0.0550361 3.2753 0.33602
4 9 69904 2 6 8 5 1 0.062526 2.86673 0.981114
4 9 69904 2 6 8 5 2 0.0574558 2.8074 0.559681
4 9 69904 2 6 8 5 4 0.062273 3.0233 0.453897
4 9 69904 2 6 8 5 8 0.059756 3.22618 0.37761
4 9 69904 2 4 8 5 1 0.063622 3.06493 0.943824
4 9 69904 2 4 8 5 2 0.0570042 2.81002 0.54645
4 9 69904 2 4 8 5 4 0.0654888 2.92601 0.436747
4 9 69904 2 4 8 5 8 0.0799849 2.83944 0.316761
4 9 69904 4 8 8 5 1 0.0502219 2.89423 0.996959
4 9 69904 4 8 8 5 2 0.0546892 2.73947 0.576188
4 9 69904 4 8 8 5 4 0.0528121 2.6337 0.397175
4 9 69904 4 8 8 5 8 0.0677299 2.74684 0.327712
4 9 69904 4 6 8 5 1 0.0577252 2.74064 0.991659
4 9 69904 4 6 8 5 2 0.0677218 3.02024 0.627238
4 9 69904 4 6 8 5 4 0.0637219 3.10864 0.421183
4 9 69904 4 6 8 5 8 0.058151 2.87935 0.438972
4 9 69904 4 4 8 5 1 0.0615859 2.75547 0.975151
4 9 69904 4 4 8 5 2 0.0646322 2.966 0.551184
4 9 69904 4 4 8 5 4 0.0643709 2.90164 0.431029
4 9 69904 4 4 8 5 8 0.0841491 3.03294 0.322778
4 9 69904 8 8 8 5 1 0.068433 2.88395 0.997192
4 9 69904 8 8 8 5 2 0.057148 2.97626 0.662851
4 9 69904 8 8 8 5 4 0.0720811 2.90496 0.373326
4 9 69904 8 8 8 5 8 0.055975 2.68945 0.348319
4 9 69904 8 6 8 5 1 0.064213 3.09621 0.995267
4 9 69904 8 6 8 5 2 0.080471 2.95831 0.613331
4 9 69904 8 6 8 5 4 0.0690908 2.82706 0.389208
4 9 69904 8 6 8 5 8 0.0656478 2.81271 0.420871
4 9 69904 8 4 8 5 1 0.0655811 3.02699 0.988876
4 9 69904 8 4 8 5 2 0.0858698 2.68213 0.555141
4 9 69904 8 4 8 5 4 0.0640619 2.73213 0.371181
4 9 69904 8 4 8 5 8 0.066406 3.29452 0.390908
4 9 69904 16 8 8 5 1 0.051477 2.84258 0.998416
4 9 69904 16 8 8 5 2 0.0506279 2.76848 0.664941
4 9 69904 16 8 8 5 4 0.0543201 2.79209 0.363596
4 9 69904 16 8 8 5 8 0.0509281 2.87321 0.393081
4 9 69904 16 6 8 5 1 0.065608 2.74449 0.997173
4 9 69904 16 6 8 5 2 0.0594461 2.79455 0.534475
4 9 69904 16 6 8 5 4 0.0657709 3.13668 0.54259
4 9 69904 16 6 8 5 8 0.0707481 4.24362 0.381623
4 9 69904 16 4 8 5 1 0.0780849 3.71123 0.994521
4 9 69904 16 4 8 5 2 0.088469 3.69133 0.563704
4 9 69904 16 4 8 5 4 0.086827 4.17023 0.317595
4 9 69904 16 4 8 5 8 0.087317 4.13998 0.415121
