6 5 311 2 8 8 5 1 0.00220513 0.0211022 0.402497
6 5 311 2 8 8 5 2 0.00212598 0.0203643 0.314105
6 5 311 2 8 8 5 4 0.00205207 0.0194386 0.265795
6 5 311 2 8 8 5 8 0.00220585 0.0190707 0.251041
6 5 311 2 6 8 5 1 0.00130486 0.0199326 0.38205
6 5 311 2 6 8 5 2 0.00235796 0.0198054 0.283422
6 5 311 2 6 8 5 4 0.00128293 0.0192668 0.295549
6 5 311 2 6 8 5 8 0.00128698 0.0194905 0.242455
6 5 311 2 4 8 5 1 0.00126791 0.0200192 0.373826
6 5 311 2 4 8 5 2 0.00251698 0.0196528 0.272785
6 5 311 2 4 8 5 4 0.00114202 0.0165491 0.274873
6 5 311 2 4 8 5 8 0.00107908 0.0185975 0.26459
6 5 311 4 8 8 5 1 0.00111508 0.0194829 0.394633
6 5 311 4 8 8 5 2 0.00114894 0.0191872 0.291592
6 5 311 4 8 8 5 4 0.00228596 0.0192625 0.280134
6 5 311 4 8 8 5 8 0.00209403 0.0193336 0.272051
6 5 311 4 6 8 5 1 0.00130796 0.0202091 0.408772
6 5 311 4 6 8 5 2 0.0011549 0.0205597 0.325526
6 5 311 4 6 8 5 4 0.00114393 0.0206014 0.324262
6 5 311 4 6 8 5 8 0.00243402 0.0195561 0.254165
6 5 311 4 4 8 5 1 0.00117397 0.0192086 0.386819
6 5 311 4 4 8 5 2 0.00244498 0.0206208 0.292652
6 5 311 4 4 8 5 4 0.00243187 0.0189841 0.280274
6 5 311 4 4 8 5 8 0.00249505 0.0195503 0.276171
6 5 311 8 8 8 5 1 0.000889063 0.0196684 0.400697
6 5 311 8 8 8 5 2 0.000960827 0.0191955 0.318138
6 5 311 8 8 8 5 4 0.0022409 0.0187306 0.241449
6 5 311 8 8 8 5 8 0.000954866 0.0191714 0.227324
6 5 311 8 6 8 5 1 0.00151205 0.0194158 0.415819
6 5 311 8 6 8 5 2 0.00112605 0.0198361 0.316733
6 5 311 8 6 8 5 4 0.00250387 0.0205358 0.312763
6 5 311 8 6 8 5 8 0.002599 0.0194466 0.243809
6 5 311 8 4 8 5 1 0.00167513 0.01913 0.40122
6 5 311 8 4 8 5 2 0.00251794 0.0193658 0.316361
6 5 311 8 4 8 5 4 0.00127983 0.0188572 0.273436
6 5 311 8 4 8 5 8 0.0021131 0.0191198 0.226151
6 5 311 16 8 8 5 1 0.000969887 0.0193142 0.409368
6 5 311 16 8 8 5 2 0.00227213 0.0194017 0.311615
6 5 311 16 8 8 5 4 0.00138283 0.019514 0.359351
6 5 311 16 8 8 5 8 0.00220609 0.0187535 0.244344
6 5 311 16 6 8 5 1 0.0025239 0.0189904 0.418056
6 5 311 16 6 8 5 2 0.00252581 0.0186267 0.298052
6 5 311 16 6 8 5 4 0.00120091 0.0187309 0.247648
6 5 311 16 6 8 5 8 0.0025239 0.0191361 0.23344
6 5 311 16 4 8 5 1 0.00122094 0.0184833 0.444324
6 5 311 16 4 8 5 2 0.00110793 0.0196485 0.316378
6 5 311 16 4 8 5 4 0.0012629 0.0192688 0.285091
6 5 311 16 4 8 5 8 0.00281501 0.0196638 0.248216
6 5 777 2 8 8 5 1 0.0022428 0.0463447 0.782143
6 5 777 2 8 8 5 2 0.000949144 0.0491395 0.436247
6 5 777 2 8 8 5 4 0.00110507 0.047948 0.40893
6 5 777 2 8 8 5 8 0.00095892 0.0477948 0.326237
6 5 777 2 6 8 5 1 0.00111008 0.0480095 0.772899
6 5 777 2 6 8 5 2 0.00180697 0.045946 0.450525
6 5 777 2 6 8 5 4 0.00113487 0.0473037 0.443686
6 5 777 2 6 8 5 8 0.0025301 0.0479747 0.314326
6 5 777 2 4 8 5 1 0.00108314 0.0464978 0.73484
6 5 777 2 4 8 5 2 0.00253916 0.0468266 0.435787
6 5 777 2 4 8 5 4 0.00112891 0.0473329 0.452077
6 5 777 2 4 8 5 8 0.00258493 0.0462452 0.343329
6 5 777 4 8 8 5 1 0.00228691 0.0491556 0.797393
6 5 777 4 8 8 5 2 0.00225902 0.0465505 0.449398
6 5 777 4 8 8 5 4 0.00104308 0.0472127 0.414651
6 5 777 4 8 8 5 8 0.00206614 0.0460841 0.339671
6 5 777 4 6 8 5 1 0.00211716 0.0478652 0.807666
6 5 777 4 6 8 5 2 0.00115299 0.0484433 0.43921
6 5 777 4 6 8 5 4 0.00264692 0.0468669 0.486984
6 5 777 4 6 8 5 8 0.00116706 0.0477889 0.338898
6 5 777 4 4 8 5 1 0.00120902 0.0488695 0.776075
6 5 777 4 4 8 5 2 0.00114799 0.0452367 0.438373
6 5 777 4 4 8 5 4 0.00273299 0.0477309 0.421799
6 5 777 4 4 8 5 8 0.00109005 0.0460724 0.356036
6 5 777 8 8 8 5 1 0.00221896 0.0490983 0.795223
6 5 777 8 8 8 5 2 0.002069 0.0479695 0.45202
6 5 777 8 8 8 5 4 0.000968933 0.0473384 0.330943
6 5 777 8 8 8 5 8 0.0021081 0.0462946 0.287911
6 5 777 8 6 8 5 1 0.00107598 0.0506636 0.802048
6 5 777 8 6 8 5 2 0.00131989 0.04798 0.471579
6 5 777 8 6 8 5 4 0.001158 0.0481124 0.498346
6 5 777 8 6 8 5 8 0.00244284 0.046859 0.318019
6 5 777 8 4 8 5 1 0.00254083 0.0477194 0.79076
6 5 777 8 4 8 5 2 0.00277185 0.046558 0.456133
6 5 777 8 4 8 5 4 0.00120211 0.0467118 0.420752
6 5 777 8 4 8 5 8 0.00256801 0.0474899 0.277546
6 5 777 16 8 8 5 1 0.00226688 0.0481516 0.811028
6 5 777 16 8 8 5 2 0.00117207 0.0483786 0.465663
6 5 777 16 8 8 5 4 0.00105309 0.0471209 0.532007
6 5 777 16 8 8 5 8 0.00221491 0.0468359 0.316182
6 5 777 16 6 8 5 1 0.00152183 0.0478471 0.811159
6 5 777 16 6 8 5 2 0.00272489 0.0477575 0.480851
6 5 777 16 6 8 5 4 0.00124383 0.046653 0.394118
6 5 777 16 6 8 5 8 0.00247788 0.045724 0.30119
6 5 777 16 4 8 5 1 0.0012629 0.0495217 0.833371
6 5 777 16 4 8 5 2 0.00126696 0.0468233 0.479367
6 5 777 16 4 8 5 4 0.00123501 0.0464694 0.414697
6 5 777 16 4 8 5 8 0.00118709 0.0472731 0.296352
6 5 1244 2 8 8 5 1 0.000957966 0.0741103 0.930088
6 5 1244 2 8 8 5 2 0.0009799 0.0747502 0.549357
6 5 1244 2 8 8 5 4 0.00101113 0.0731101 0.463119
6 5 1244 2 8 8 5 8 0.000967979 0.071835 0.33441
6 5 1244 2 6 8 5 1 0.00105214 0.0748312 0.918555
6 5 1244 2 6 8 5 2 0.00236702 0.0707186 0.516522
6 5 1244 2 6 8 5 4 0.00129294 0.0767165 0.511052
6 5 1244 2 6 8 5 8 0.002141 0.0716884 0.319525
6 5 1244 2 4 8 5 1 0.00113082 0.0771849 0.877422
6 5 1244 2 4 8 5 2 0.00107098 0.0739109 0.503212
6 5 1244 2 4 8 5 4 0.00109792 0.0738229 0.484804
6 5 1244 2 4 8 5 8 0.00150204 0.0729992 0.352117
6 5 1244 4 8 8 5 1 0.00225496 0.0752351 0.945463
6 5 1244 4 8 8 5 2 0.00100708 0.0706211 0.524969
6 5 1244 4 8 8 5 4 0.000926971 0.0750041 0.450382
6 5 1244 4 8 8 5 8 0.000982046 0.0747485 0.351443
6 5 1244 4 6 8 5 1 0.00130606 0.0771042 0.937181
6 5 1244 4 6 8 5 2 0.00108981 0.0770295 0.529746
6 5 1244 4 6 8 5 4 0.00139809 0.0751291 0.520604
6 5 1244 4 6 8 5 8 0.00122285 0.0692677 0.341919
6 5 1244 4 4 8 5 1 0.00134397 0.0704599 0.91767
6 5 1244 4 4 8 5 2 0.00213695 0.071284 0.506947
6 5 1244 4 4 8 5 4 0.00183892 0.0711319 0.460823
6 5 1244 4 4 8 5 8 0.00110102 0.0740896 0.36401
6 5 1244 8 8 8 5 1 0.00167394 0.0760019 0.94272
6 5 1244 8 8 8 5 2 0.00224304 0.076725 0.526438
6 5 1244 8 8 8 5 4 0.00213385 0.0749969 0.383181
6 5 1244 8 8 8 5 8 0.00100303 0.0723438 0.29869
6 5 1244 8 6 8 5 1 0.00135589 0.0763365 0.943355
6 5 1244 8 6 8 5 2 0.00110006 0.0761205 0.527553
6 5 1244 8 6 8 5 4 0.00256395 0.0765029 0.560427
6 5 1244 8 6 8 5 8 0.00266385 0.0750018 0.326864
6 5 1244 8 4 8 5 1 0.00259399 0.0768918 0.935612
6 5 1244 8 4 8 5 2 0.00123191 0.0744355 0.518986
6 5 1244 8 4 8 5 4 0.00126195 0.0773413 0.488012
6 5 1244 8 4 8 5 8 0.00127196 0.0729927 0.291264
6 5 1244 16 8 8 5 1 0.00176811 0.076321 0.945325
6 5 1244 16 8 8 5 2 0.00214505 0.076335 0.518316
6 5 1244 16 8 8 5 4 0.000984907 0.0747216 0.599854
6 5 1244 16 8 8 5 8 0.00108004 0.0722843 0.318902
6 5 1244 16 6 8 5 1 0.00150609 0.0772095 0.955861
6 5 1244 16 6 8 5 2 0.00275397 0.0733706 0.510722
6 5 1244 16 6 8 5 4 0.00121188 0.0723499 0.435166
6 5 1244 16 6 8 5 8 0.00258994 0.0739864 0.300592
6 5 1244 16 4 8 5 1 0.00278592 0.0775047 0.942857
6 5 1244 16 4 8 5 2 0.00132704 0.0761487 0.551015
6 5 1244 16 4 8 5 4 0.00123501 0.075101 0.464965
6 5 1244 16 4 8 5 8 0.00123501 0.0726535 0.301631
