6 5 311 16 6 8 5 1 0.00216293 0.0250527 0.417096
6 5 311 16 6 8 5 2 0.00269389 0.0228967 0.305518
6 5 311 16 6 8 5 4 0.00133681 0.0221335 0.261055
6 5 311 16 6 8 5 8 0.00134492 0.0208065 0.245411
6 5 311 16 8 8 5 1 0.002285 0.0196065 0.407855
6 5 311 16 8 8 5 2 0.00226402 0.020114 0.305826
6 5 311 16 8 8 5 4 0.00208497 0.0192431 0.330893
6 5 311 16 8 8 5 8 0.00212002 0.0204636 0.242678
6 5 777 16 6 8 5 1 0.00263381 0.0466419 0.834753
6 5 777 16 6 8 5 2 0.00260806 0.0467036 0.449202
6 5 777 16 6 8 5 4 0.00246286 0.0476011 0.385022
6 5 777 16 6 8 5 8 0.001333 0.0460209 0.317178
6 5 777 16 8 8 5 1 0.0011301 0.0486704 0.792876
6 5 777 16 8 8 5 2 0.00114083 0.0465196 0.465851
6 5 777 16 8 8 5 4 0.00226784 0.0466678 0.532115
6 5 777 16 8 8 5 8 0.0011549 0.0465069 0.31303
6 5 1244 16 6 8 5 1 0.00228405 0.0754089 0.951821
6 5 1244 16 6 8 5 2 0.00258684 0.0755589 0.527405
6 5 1244 16 6 8 5 4 0.00264382 0.0728604 0.442218
6 5 1244 16 6 8 5 8 0.00134611 0.070869 0.298504
6 5 1244 16 8 8 5 1 0.00209594 0.0735585 0.946017
6 5 1244 16 8 8 5 2 0.00113583 0.0713514 0.531033
6 5 1244 16 8 8 5 4 0.00228596 0.0731509 0.585791
6 5 1244 16 8 8 5 8 0.00225806 0.0717686 0.321602
