4 5 68 2 2 8 11 1 0.00045085 0.00725725 0.419218
4 5 68 2 2 8 11 2 0.000531912 0.00563011 0.268426
4 5 68 2 2 8 11 4 0.000524044 0.00530425 0.198987
4 5 68 2 2 8 11 8 0.000524044 0.00493512 0.238509
4 5 68 2 0 8 11 1 0.000425816 0.005117 0.356579
4 5 68 2 0 8 11 2 0.000424147 0.00514287 0.251318
4 5 68 2 0 8 11 4 0.000429869 0.00509149 0.213354
4 5 68 2 0 8 11 8 0.000427008 0.00519189 0.310129
4 5 68 4 2 8 11 1 0.000427961 0.00525501 0.498895
4 5 68 4 2 8 11 2 0.000618935 0.00532499 0.298617
4 5 68 4 2 8 11 4 0.000617027 0.00509188 0.173944
4 5 68 4 2 8 11 8 0.000613928 0.004834 0.265925
4 5 68 4 0 8 11 1 0.000607014 0.00553098 0.470098
4 5 68 4 0 8 11 2 0.000422001 0.0052931 0.294435
4 5 68 4 0 8 11 4 0.000597954 0.00467888 0.192391
4 5 68 4 0 8 11 8 0.000603914 0.00433815 0.255317
4 5 68 8 2 8 11 1 0.000658989 0.00417951 0.579402
4 5 68 8 2 8 11 2 0.000659943 0.00482824 0.319823
4 5 68 8 2 8 11 4 0.000602961 0.00470102 0.176581
4 5 68 8 2 8 11 8 0.000468016 0.00432214 0.253958
4 5 68 8 0 8 11 1 0.000617981 0.00476551 0.523856
4 5 68 8 0 8 11 2 0.000601053 0.00433111 0.28675
4 5 68 8 0 8 11 4 0.00061202 0.00459251 0.16924
4 5 68 8 0 8 11 8 0.00061202 0.00425389 0.244223
4 5 68 16 2 8 11 1 0.000650883 0.00431475 0.543724
4 5 68 16 2 8 11 2 0.000650883 0.00441736 0.316621
4 5 68 16 2 8 11 4 0.00065589 0.00411975 0.224181
4 5 68 16 2 8 11 8 0.000653982 0.00436649 0.266417
4 5 68 16 0 8 11 1 0.000667095 0.00445938 0.559264
4 5 68 16 0 8 11 2 0.000661135 0.00409737 0.316509
4 5 68 16 0 8 11 4 0.000666142 0.00447625 0.192142
4 5 68 16 0 8 11 8 0.000663042 0.00483638 0.262485
4 5 170 2 2 8 11 1 0.000525951 0.0108136 0.716882
4 5 170 2 2 8 11 2 0.000490189 0.010357 0.406105
4 5 170 2 2 8 11 4 0.000530958 0.0101304 0.311489
4 5 170 2 2 8 11 8 0.000313044 0.0105365 0.300754
4 5 170 2 0 8 11 1 0.000427008 0.0105208 0.674223
4 5 170 2 0 8 11 2 0.000421047 0.0106926 0.38674
4 5 170 2 0 8 11 4 0.000396013 0.0104471 0.296929
4 5 170 2 0 8 11 8 0.000241995 0.0101905 0.366875
4 5 170 4 2 8 11 1 0.000613928 0.0104284 0.824418
4 5 170 4 2 8 11 2 0.000475883 0.0104084 0.495891
4 5 170 4 2 8 11 4 0.000656843 0.0107602 0.281108
4 5 170 4 2 8 11 8 0.000566006 0.0101835 0.314367
4 5 170 4 0 8 11 1 0.000597954 0.0104409 0.796041
4 5 170 4 0 8 11 2 0.000597 0.0107511 0.483899
4 5 170 4 0 8 11 4 0.000558853 0.0101297 0.275715
4 5 170 4 0 8 11 8 0.00056386 0.0104774 0.330974
4 5 170 8 2 8 11 1 0.000658989 0.0113846 0.884419
4 5 170 8 2 8 11 2 0.000355959 0.0103647 0.453695
4 5 170 8 2 8 11 4 0.000651121 0.0104955 0.275997
4 5 170 8 2 8 11 8 0.000607014 0.00997052 0.308449
4 5 170 8 0 8 11 1 0.000616789 0.0100916 0.84871
4 5 170 8 0 8 11 2 0.000620127 0.0106569 0.443861
4 5 170 8 0 8 11 4 0.000609159 0.0101683 0.264957
4 5 170 8 0 8 11 8 0.000618219 0.00960588 0.297746
4 5 170 16 2 8 11 1 0.000654936 0.0101499 0.856295
4 5 170 16 2 8 11 2 0.000603199 0.0109369 0.457625
4 5 170 16 2 8 11 4 0.000369072 0.0104829 0.309241
4 5 170 16 2 8 11 8 0.000518084 0.0103686 0.321525
4 5 170 16 0 8 11 1 0.000363111 0.0100923 0.873805
4 5 170 16 0 8 11 2 0.000232935 0.0117479 0.46109
4 5 170 16 0 8 11 4 0.000231981 0.0103429 0.277017
4 5 170 16 0 8 11 8 0.000231028 0.010536 0.304202
4 5 272 2 2 8 11 1 0.000196934 0.0166265 0.82219
4 5 272 2 2 8 11 2 0.000203133 0.016154 0.465464
4 5 272 2 2 8 11 4 0.000216007 0.0164209 0.36346
4 5 272 2 2 8 11 8 0.00029707 0.016077 0.287557
4 5 272 2 0 8 11 1 0.000150204 0.0165138 0.810865
4 5 272 2 0 8 11 2 0.000426054 0.0163009 0.476051
4 5 272 2 0 8 11 4 0.000245094 0.017263 0.343864
4 5 272 2 0 8 11 8 0.000424147 0.0172905 0.414172
4 5 272 4 2 8 11 1 0.000605106 0.0168008 0.914897
4 5 272 4 2 8 11 2 0.00030303 0.0173394 0.561364
4 5 272 4 2 8 11 4 0.00060606 0.0167406 0.300436
4 5 272 4 2 8 11 8 0.000607014 0.01615 0.319055
4 5 272 4 0 8 11 1 0.000607014 0.0181092 0.90129
4 5 272 4 0 8 11 2 0.000607967 0.0166776 0.564457
4 5 272 4 0 8 11 4 0.000622988 0.0161634 0.317196
4 5 272 4 0 8 11 8 0.000384092 0.0159914 0.323218
4 5 272 8 2 8 11 1 0.000330925 0.0161036 0.949017
4 5 272 8 2 8 11 2 0.000659943 0.0157627 0.531758
4 5 272 8 2 8 11 4 0.000648975 0.0161281 0.302141
4 5 272 8 2 8 11 8 0.000268936 0.0165839 0.317459
4 5 272 8 0 8 11 1 0.000620842 0.0179189 0.942009
4 5 272 8 0 8 11 2 0.000621796 0.0162074 0.52737
4 5 272 8 0 8 11 4 0.000617027 0.0167251 0.287602
4 5 272 8 0 8 11 8 0.000319004 0.0166844 0.303861
4 5 272 16 2 8 11 1 0.000656843 0.0169446 0.937165
4 5 272 16 2 8 11 2 0.000329018 0.0163905 0.531344
4 5 272 16 2 8 11 4 0.000656128 0.0170214 0.340155
4 5 272 16 2 8 11 8 0.000438929 0.0164506 0.347519
4 5 272 16 0 8 11 1 0.000663042 0.0171892 0.951605
4 5 272 16 0 8 11 2 0.000654936 0.0151791 0.538764
4 5 272 16 0 8 11 4 0.000654936 0.0151429 0.323491
4 5 272 16 0 8 11 8 0.000611067 0.0153541 0.31898
