4 7 1092 16 6 8 5 1 0.00728703 0.0791103 0.807135
4 7 1092 16 6 8 5 2 0.00827003 0.0777377 0.35664
4 7 1092 16 6 8 5 4 0.004843 0.0678519 0.312549
4 7 1092 16 6 8 5 8 0.00827312 0.0705561 0.310413
4 7 1092 16 8 8 5 1 0.0073421 0.0628111 0.748911
4 7 1092 16 8 8 5 2 0.00712895 0.0648331 0.367839
4 7 1092 16 8 8 5 4 0.00715899 0.0648751 0.218062
4 7 1092 16 8 8 5 8 0.00709105 0.0658073 0.338701
4 7 2730 16 6 8 5 1 0.00377703 0.166715 0.953526
4 7 2730 16 6 8 5 2 0.00851679 0.165534 0.461802
4 7 2730 16 6 8 5 4 0.00856614 0.159909 0.478701
4 7 2730 16 6 8 5 8 0.00814104 0.157705 0.383627
4 7 2730 16 8 8 5 1 0.00736094 0.165273 0.9473
4 7 2730 16 8 8 5 2 0.00741816 0.165336 0.557063
4 7 2730 16 8 8 5 4 0.00415111 0.165031 0.331618
4 7 2730 16 8 8 5 8 0.00708795 0.165466 0.391386
4 7 4368 16 6 8 5 1 0.00838709 0.259619 0.989839
4 7 4368 16 6 8 5 2 0.00831485 0.256918 0.523578
4 7 4368 16 6 8 5 4 0.00816798 0.256805 0.551152
4 7 4368 16 6 8 5 8 0.00833011 0.246965 0.399545
4 7 4368 16 8 8 5 1 0.00716496 0.264798 0.986913
4 7 4368 16 8 8 5 2 0.00342989 0.263148 0.647691
4 7 4368 16 8 8 5 4 0.00743318 0.257891 0.363401
4 7 4368 16 8 8 5 8 0.00316906 0.252436 0.399068
