4 7 1092 2 2 8 11 1 0.00672412 0.0807053 0.550207
4 7 1092 2 2 8 11 2 0.00714016 0.0751552 0.267014
4 7 1092 2 2 8 11 4 0.00710487 0.073658 0.188122
4 7 1092 2 2 8 11 8 0.0071311 0.071277 0.202023
4 7 1092 2 0 8 11 1 0.00335717 0.0652983 0.392852
4 7 1092 2 0 8 11 2 0.00576806 0.0667571 0.225837
4 7 1092 2 0 8 11 4 0.00573182 0.067043 0.183626
4 7 1092 2 0 8 11 8 0.00337696 0.0668121 0.202167
4 7 1092 4 2 8 11 1 0.00799298 0.0672082 0.70679
4 7 1092 4 2 8 11 2 0.00497198 0.0675793 0.327124
4 7 1092 4 2 8 11 4 0.00741696 0.064569 0.185633
4 7 1092 4 2 8 11 8 0.00520802 0.0683484 0.213021
4 7 1092 4 0 8 11 1 0.00802803 0.0676402 0.618274
4 7 1092 4 0 8 11 2 0.00470018 0.0676847 0.306821
4 7 1092 4 0 8 11 4 0.00790691 0.0700934 0.193604
4 7 1092 4 0 8 11 8 0.00468993 0.0680946 0.247514
4 7 1092 8 2 8 11 1 0.00871301 0.067622 0.770777
4 7 1092 8 2 8 11 2 0.00645113 0.0668466 0.310669
4 7 1092 8 2 8 11 4 0.0088098 0.071742 0.18373
4 7 1092 8 2 8 11 8 0.008497 0.0694741 0.235405
4 7 1092 8 0 8 11 1 0.00511503 0.0676234 0.738446
4 7 1092 8 0 8 11 2 0.00810409 0.0664306 0.319853
4 7 1092 8 0 8 11 4 0.008672 0.0671535 0.182607
4 7 1092 8 0 8 11 8 0.00508189 0.0669748 0.231886
4 7 1092 16 2 8 11 1 0.00890994 0.0668359 0.79708
4 7 1092 16 2 8 11 2 0.00854707 0.0681704 0.354837
4 7 1092 16 2 8 11 4 0.00855398 0.067997 0.179807
4 7 1092 16 2 8 11 8 0.00893593 0.071506 0.240955
4 7 1092 16 0 8 11 1 0.00834203 0.0683046 0.76547
4 7 1092 16 0 8 11 2 0.00849104 0.067422 0.310909
4 7 1092 16 0 8 11 4 0.00881696 0.0714965 0.180919
4 7 1092 16 0 8 11 8 0.0052228 0.066372 0.254206
4 7 2730 2 2 8 11 1 0.00622678 0.15962 0.772871
4 7 2730 2 2 8 11 2 0.00661898 0.168742 0.418307
4 7 2730 2 2 8 11 4 0.00683308 0.162491 0.302272
4 7 2730 2 2 8 11 8 0.00667286 0.159709 0.258918
4 7 2730 2 0 8 11 1 0.00573182 0.163949 0.654002
4 7 2730 2 0 8 11 2 0.00533986 0.16223 0.392425
4 7 2730 2 0 8 11 4 0.00257683 0.159024 0.290046
4 7 2730 2 0 8 11 8 0.0054841 0.162243 0.25287
4 7 2730 4 2 8 11 1 0.00759292 0.160276 0.889976
4 7 2730 4 2 8 11 2 0.00832105 0.162028 0.454222
4 7 2730 4 2 8 11 4 0.00831079 0.168549 0.263385
4 7 2730 4 2 8 11 8 0.00802398 0.162341 0.270233
4 7 2730 4 0 8 11 1 0.00798512 0.156974 0.83129
4 7 2730 4 0 8 11 2 0.00752807 0.168533 0.476044
4 7 2730 4 0 8 11 4 0.00760698 0.161199 0.291742
4 7 2730 4 0 8 11 8 0.00782514 0.158103 0.306649
4 7 2730 8 2 8 11 1 0.00860405 0.164363 0.932043
4 7 2730 8 2 8 11 2 0.00829101 0.166851 0.482016
4 7 2730 8 2 8 11 4 0.00392818 0.160933 0.284212
4 7 2730 8 2 8 11 8 0.00678897 0.1584 0.291071
4 7 2730 8 0 8 11 1 0.00889397 0.171985 0.903773
4 7 2730 8 0 8 11 2 0.00811982 0.159954 0.438064
4 7 2730 8 0 8 11 4 0.00756192 0.164145 0.281371
4 7 2730 8 0 8 11 8 0.00831318 0.155554 0.278838
4 7 2730 16 2 8 11 1 0.00885797 0.163594 0.947454
4 7 2730 16 2 8 11 2 0.00392222 0.161004 0.464721
4 7 2730 16 2 8 11 4 0.00378585 0.161836 0.297244
4 7 2730 16 2 8 11 8 0.00898194 0.157413 0.286543
4 7 2730 16 0 8 11 1 0.00890923 0.166404 0.940041
4 7 2730 16 0 8 11 2 0.00843 0.166732 0.468344
4 7 2730 16 0 8 11 4 0.00891185 0.155913 0.26228
4 7 2730 16 0 8 11 8 0.00393486 0.155475 0.275127
4 7 4368 2 2 8 11 1 0.00690699 0.261784 0.860186
4 7 4368 2 2 8 11 2 0.00663114 0.25137 0.503828
4 7 4368 2 2 8 11 4 0.00703597 0.255785 0.327941
4 7 4368 2 2 8 11 8 0.00306106 0.253271 0.270291
4 7 4368 2 0 8 11 1 0.00572205 0.254293 0.781526
4 7 4368 2 0 8 11 2 0.0054729 0.257482 0.479814
4 7 4368 2 0 8 11 4 0.00544882 0.253326 0.329863
4 7 4368 2 0 8 11 8 0.0053618 0.257101 0.257969
4 7 4368 4 2 8 11 1 0.00851989 0.260076 0.942246
4 7 4368 4 2 8 11 2 0.00828409 0.252389 0.526461
4 7 4368 4 2 8 11 4 0.00843906 0.253694 0.292755
4 7 4368 4 2 8 11 8 0.00818992 0.252032 0.27266
4 7 4368 4 0 8 11 1 0.00800705 0.254522 0.90698
4 7 4368 4 0 8 11 2 0.008003 0.260358 0.560642
4 7 4368 4 0 8 11 4 0.00800705 0.256066 0.30246
4 7 4368 4 0 8 11 8 0.00803518 0.249345 0.31531
4 7 4368 8 2 8 11 1 0.00363898 0.257069 0.969007
4 7 4368 8 2 8 11 2 0.00831699 0.260408 0.536705
4 7 4368 8 2 8 11 4 0.00847387 0.253246 0.324839
4 7 4368 8 2 8 11 8 0.00384998 0.253979 0.303411
4 7 4368 8 0 8 11 1 0.00867105 0.255724 0.952278
4 7 4368 8 0 8 11 2 0.00869799 0.254573 0.515165
4 7 4368 8 0 8 11 4 0.00812507 0.247346 0.310085
4 7 4368 8 0 8 11 8 0.00869894 0.248615 0.290419
4 7 4368 16 2 8 11 1 0.00408792 0.25964 0.982806
4 7 4368 16 2 8 11 2 0.00760412 0.26813 0.5598
4 7 4368 16 2 8 11 4 0.00894094 0.257562 0.318613
4 7 4368 16 2 8 11 8 0.00895286 0.253035 0.314686
4 7 4368 16 0 8 11 1 0.00888991 0.25192 0.977663
4 7 4368 16 0 8 11 2 0.00522804 0.259435 0.527006
4 7 4368 16 0 8 11 4 0.00816917 0.256944 0.317411
4 7 4368 16 0 8 11 8 0.0083499 0.254734 0.305681
