4 5 68 16 6 8 5 1 0.000556946 0.00746873 0.572921
4 5 68 16 6 8 5 2 0.000656843 0.00597513 0.311944
4 5 68 16 6 8 5 4 0.00065589 0.00524649 0.329652
4 5 68 16 6 8 5 8 0.000647068 0.00480324 0.346148
4 5 68 16 8 8 5 1 0.000528812 0.00584462 0.558041
4 5 68 16 8 8 5 2 0.000492096 0.00582236 0.351189
4 5 68 16 8 8 5 4 0.000571012 0.00530338 0.224673
4 5 68 16 8 8 5 8 0.000569105 0.00510713 0.336813
4 5 170 16 6 8 5 1 0.000660181 0.0119345 0.902006
4 5 170 16 6 8 5 2 0.000658035 0.0122664 0.455754
4 5 170 16 6 8 5 4 0.000603914 0.01205 0.495186
4 5 170 16 6 8 5 8 0.000658989 0.0115154 0.404389
4 5 170 16 8 8 5 1 0.000282049 0.0110266 0.900323
4 5 170 16 8 8 5 2 0.000560045 0.0110871 0.568445
4 5 170 16 8 8 5 4 0.000566006 0.0105169 0.323968
4 5 170 16 8 8 5 8 0.000566006 0.00969714 0.411225
4 5 272 16 6 8 5 1 0.000653982 0.0171651 0.973121
4 5 272 16 6 8 5 2 0.000643969 0.0165486 0.529587
4 5 272 16 6 8 5 4 0.000654936 0.016105 0.563453
4 5 272 16 6 8 5 8 0.000653028 0.0160266 0.425282
4 5 272 16 8 8 5 1 0.000560999 0.0165363 0.976229
4 5 272 16 8 8 5 2 0.000560999 0.0162053 0.650798
4 5 272 16 8 8 5 4 0.000524044 0.015443 0.354575
4 5 272 16 8 8 5 8 0.000566006 0.015347 0.377309
