6 5 311 2 2 8 11 1 0.0021739 0.0246294 0.318232
6 5 311 2 2 8 11 2 0.00232387 0.0215935 0.263377
6 5 311 2 2 8 11 4 0.00221395 0.0193334 0.187819
6 5 311 2 2 8 11 8 0.00217295 0.0200348 0.157594
6 5 311 2 0 8 11 1 0.00174189 0.0200955 0.275319
6 5 311 2 0 8 11 2 0.00187087 0.0195599 0.230454
6 5 311 2 0 8 11 4 0.0017581 0.0188459 0.27418
6 5 311 2 0 8 11 8 0.00174689 0.0188891 0.217904
6 5 311 4 2 8 11 1 0.00128102 0.0203524 0.356882
6 5 311 4 2 8 11 2 0.0023551 0.0199405 0.295838
6 5 311 4 2 8 11 4 0.00236011 0.0194065 0.184679
6 5 311 4 2 8 11 8 0.00235796 0.0191276 0.169335
6 5 311 4 0 8 11 1 0.00235105 0.018565 0.327254
6 5 311 4 0 8 11 2 0.00236797 0.0199214 0.269567
6 5 311 4 0 8 11 4 0.00236106 0.0202531 0.21028
6 5 311 4 0 8 11 8 0.00220108 0.0194488 0.160785
6 5 311 8 2 8 11 1 0.00253701 0.0191339 0.400957
6 5 311 8 2 8 11 2 0.00252986 0.0194543 0.309565
6 5 311 8 2 8 11 4 0.00137186 0.019025 0.209559
6 5 311 8 2 8 11 8 0.00255394 0.0187399 0.16563
6 5 311 8 0 8 11 1 0.00253201 0.0195287 0.386556
6 5 311 8 0 8 11 2 0.00243807 0.0186958 0.311139
6 5 311 8 0 8 11 4 0.00270891 0.0185549 0.20804
6 5 311 8 0 8 11 8 0.0025599 0.0185566 0.173041
6 5 311 16 2 8 11 1 0.0028739 0.0199029 0.4324
6 5 311 16 2 8 11 2 0.00266218 0.0185832 0.338963
6 5 311 16 2 8 11 4 0.00265384 0.0194295 0.176984
6 5 311 16 2 8 11 8 0.00264287 0.0196618 0.183594
6 5 311 16 0 8 11 1 0.00268102 0.0184874 0.408068
6 5 311 16 0 8 11 2 0.00269914 0.0186536 0.313038
6 5 311 16 0 8 11 4 0.002599 0.0195557 0.196246
6 5 311 16 0 8 11 8 0.00260019 0.0187606 0.177683
6 5 777 2 2 8 11 1 0.00215197 0.0486139 0.667908
6 5 777 2 2 8 11 2 0.00226712 0.0505427 0.411857
6 5 777 2 2 8 11 4 0.00233603 0.0459946 0.296124
6 5 777 2 2 8 11 8 0.00233197 0.0438255 0.215279
6 5 777 2 0 8 11 1 0.00173521 0.0478033 0.562075
6 5 777 2 0 8 11 2 0.000946045 0.0451097 0.378267
6 5 777 2 0 8 11 4 0.00174904 0.0431252 0.441221
6 5 777 2 0 8 11 8 0.00162387 0.0453843 0.284706
6 5 777 4 2 8 11 1 0.00255895 0.0449216 0.705014
6 5 777 4 2 8 11 2 0.00238204 0.0447423 0.427008
6 5 777 4 2 8 11 4 0.00251102 0.0482936 0.262747
6 5 777 4 2 8 11 8 0.00236297 0.046145 0.215877
6 5 777 4 0 8 11 1 0.00118995 0.0468988 0.675926
6 5 777 4 0 8 11 2 0.00224495 0.0449971 0.424151
6 5 777 4 0 8 11 4 0.00217485 0.0458974 0.319109
6 5 777 4 0 8 11 8 0.00218296 0.045651 0.216296
6 5 777 8 2 8 11 1 0.00261497 0.0462691 0.795138
6 5 777 8 2 8 11 2 0.00254989 0.0482102 0.454877
6 5 777 8 2 8 11 4 0.00266314 0.045267 0.29115
6 5 777 8 2 8 11 8 0.00274515 0.0476749 0.210843
6 5 777 8 0 8 11 1 0.00253701 0.0447191 0.773674
6 5 777 8 0 8 11 2 0.00251794 0.0473561 0.445342
6 5 777 8 0 8 11 4 0.00252986 0.0471224 0.309298
6 5 777 8 0 8 11 8 0.0025382 0.0488501 0.205392
6 5 777 16 2 8 11 1 0.00265813 0.0496888 0.81494
6 5 777 16 2 8 11 2 0.00264192 0.0475255 0.484598
6 5 777 16 2 8 11 4 0.00144601 0.0455571 0.301812
6 5 777 16 2 8 11 8 0.00263786 0.0473415 0.223949
6 5 777 16 0 8 11 1 0.00141191 0.0471726 0.801219
6 5 777 16 0 8 11 2 0.00260186 0.0481251 0.49424
6 5 777 16 0 8 11 4 0.00278616 0.0465723 0.292391
6 5 777 16 0 8 11 8 0.00278687 0.0470386 0.220812
6 5 1244 2 2 8 11 1 0.0021441 0.0736194 0.818884
6 5 1244 2 2 8 11 2 0.00215101 0.0741355 0.490906
6 5 1244 2 2 8 11 4 0.00214601 0.0739375 0.321394
6 5 1244 2 2 8 11 8 0.00117016 0.0688675 0.220221
6 5 1244 2 0 8 11 1 0.00174594 0.0745441 0.718621
6 5 1244 2 0 8 11 2 0.0019381 0.0751013 0.469417
6 5 1244 2 0 8 11 4 0.00174308 0.0735182 0.488926
6 5 1244 2 0 8 11 8 0.00189304 0.0715385 0.294381
6 5 1244 4 2 8 11 1 0.00129604 0.0747779 0.863443
6 5 1244 4 2 8 11 2 0.00243211 0.0738772 0.520708
6 5 1244 4 2 8 11 4 0.00238395 0.0748327 0.301279
6 5 1244 4 2 8 11 8 0.00247097 0.0730634 0.215932
6 5 1244 4 0 8 11 1 0.00118995 0.0718029 0.828399
6 5 1244 4 0 8 11 2 0.00217986 0.0756112 0.497663
6 5 1244 4 0 8 11 4 0.00118494 0.0712999 0.360154
6 5 1244 4 0 8 11 8 0.00229096 0.0742314 0.214268
6 5 1244 8 2 8 11 1 0.00254703 0.0729374 0.925909
6 5 1244 8 2 8 11 2 0.00255394 0.0736575 0.522567
6 5 1244 8 2 8 11 4 0.00137901 0.0734731 0.315025
6 5 1244 8 2 8 11 8 0.00253105 0.0732685 0.222438
6 5 1244 8 0 8 11 1 0.00234485 0.0762756 0.909101
6 5 1244 8 0 8 11 2 0.00194001 0.0763525 0.523774
6 5 1244 8 0 8 11 4 0.00273895 0.077845 0.344184
6 5 1244 8 0 8 11 8 0.0025351 0.0723819 0.216441
6 5 1244 16 2 8 11 1 0.00368023 0.0735555 0.940088
6 5 1244 16 2 8 11 2 0.00264812 0.0759161 0.547111
6 5 1244 16 2 8 11 4 0.00246191 0.0761397 0.329633
6 5 1244 16 2 8 11 8 0.002877 0.0742632 0.228376
6 5 1244 16 0 8 11 1 0.00261497 0.0728469 0.925544
6 5 1244 16 0 8 11 2 0.00262284 0.075076 0.549805
6 5 1244 16 0 8 11 4 0.00141501 0.0746586 0.329852
6 5 1244 16 0 8 11 8 0.00260496 0.0688805 0.223668
